   f   ,G_stor ,G_loss 
  Hz   ,  GPa  ,  GPa  
1.0000e-04,5.8948e-07,9.9652e-05
1.0351e-04,6.2352e-07,1.0315e-04
1.0715e-04,6.5952e-07,1.0676e-04
1.1092e-04,6.9760e-07,1.1051e-04
1.1482e-04,7.3788e-07,1.1438e-04
1.1885e-04,7.8049e-07,1.1839e-04
1.2303e-04,8.2556e-07,1.2254e-04
1.2735e-04,8.7324e-07,1.2684e-04
1.3183e-04,9.2366e-07,1.3128e-04
1.3646e-04,9.7700e-07,1.3588e-04
1.4125e-04,1.0334e-06,1.4064e-04
1.4622e-04,1.0931e-06,1.4557e-04
1.5136e-04,1.1562e-06,1.5067e-04
1.5668e-04,1.2230e-06,1.5595e-04
1.6218e-04,1.2936e-06,1.6142e-04
1.6788e-04,1.3684e-06,1.6707e-04
1.7378e-04,1.4474e-06,1.7293e-04
1.7989e-04,1.5310e-06,1.7898e-04
1.8621e-04,1.6194e-06,1.8525e-04
1.9275e-04,1.7129e-06,1.9174e-04
1.9953e-04,1.8119e-06,1.9846e-04
2.0654e-04,1.9165e-06,2.0541e-04
2.1380e-04,2.0272e-06,2.1260e-04
2.2131e-04,2.1443e-06,2.2004e-04
2.2909e-04,2.2681e-06,2.2775e-04
2.3714e-04,2.3991e-06,2.3572e-04
2.4547e-04,2.5377e-06,2.4397e-04
2.5410e-04,2.6843e-06,2.5251e-04
2.6303e-04,2.8393e-06,2.6135e-04
2.7227e-04,3.0033e-06,2.7050e-04
2.8184e-04,3.1768e-06,2.7996e-04
2.9174e-04,3.3602e-06,2.8976e-04
3.0200e-04,3.5543e-06,2.9990e-04
3.1261e-04,3.7596e-06,3.1039e-04
3.2359e-04,3.9768e-06,3.2125e-04
3.3497e-04,4.2064e-06,3.3248e-04
3.4674e-04,4.4494e-06,3.4411e-04
3.5892e-04,4.7064e-06,3.5614e-04
3.7154e-04,4.9782e-06,3.6859e-04
3.8459e-04,5.2657e-06,3.8148e-04
3.9811e-04,5.5698e-06,3.9482e-04
4.1210e-04,5.8915e-06,4.0862e-04
4.2658e-04,6.2318e-06,4.2290e-04
4.4157e-04,6.5916e-06,4.3767e-04
4.5709e-04,6.9723e-06,4.5297e-04
4.7315e-04,7.3749e-06,4.6879e-04
4.8978e-04,7.8008e-06,4.8516e-04
5.0699e-04,8.2513e-06,5.0211e-04
5.2481e-04,8.7278e-06,5.1964e-04
5.4325e-04,9.2317e-06,5.3779e-04
5.6234e-04,9.7648e-06,5.5656e-04
5.8210e-04,1.0329e-05,5.7599e-04
6.0256e-04,1.0925e-05,5.9609e-04
6.2373e-04,1.1556e-05,6.1689e-04
6.4565e-04,1.2223e-05,6.3841e-04
6.6834e-04,1.2928e-05,6.6068e-04
6.9183e-04,1.3675e-05,6.8372e-04
7.1614e-04,1.4464e-05,7.0756e-04
7.4131e-04,1.5299e-05,7.3223e-04
7.6736e-04,1.6182e-05,7.5775e-04
7.9433e-04,1.7116e-05,7.8416e-04
8.2224e-04,1.8104e-05,8.1148e-04
8.5114e-04,1.9148e-05,8.3975e-04
8.8105e-04,2.0253e-05,8.6900e-04
9.1201e-04,2.1422e-05,8.9926e-04
9.4406e-04,2.2658e-05,9.3057e-04
9.7724e-04,2.3965e-05,9.6296e-04
1.0116e-03,2.5347e-05,9.9647e-04
1.0471e-03,2.6809e-05,1.0311e-03
1.0839e-03,2.8355e-05,1.0670e-03
1.1220e-03,2.9990e-05,1.1041e-03
1.1614e-03,3.1720e-05,1.1425e-03
1.2023e-03,3.3549e-05,1.1822e-03
1.2445e-03,3.5483e-05,1.2233e-03
1.2882e-03,3.7528e-05,1.2658e-03
1.3335e-03,3.9691e-05,1.3098e-03
1.3804e-03,4.1979e-05,1.3552e-03
1.4289e-03,4.4398e-05,1.4023e-03
1.4791e-03,4.6956e-05,1.4509e-03
1.5311e-03,4.9661e-05,1.5013e-03
1.5849e-03,5.2521e-05,1.5533e-03
1.6406e-03,5.5546e-05,1.6072e-03
1.6982e-03,5.8744e-05,1.6629e-03
1.7579e-03,6.2126e-05,1.7205e-03
1.8197e-03,6.5702e-05,1.7801e-03
1.8836e-03,6.9483e-05,1.8417e-03
1.9498e-03,7.3482e-05,1.9054e-03
2.0184e-03,7.7709e-05,1.9714e-03
2.0893e-03,8.2179e-05,2.0395e-03
2.1627e-03,8.6905e-05,2.1100e-03
2.2387e-03,9.1901e-05,2.1829e-03
2.3174e-03,9.7184e-05,2.2583e-03
2.3988e-03,1.0277e-04,2.3363e-03
2.4831e-03,1.0867e-04,2.4169e-03
2.5704e-03,1.1492e-04,2.5003e-03
2.6607e-03,1.2152e-04,2.5865e-03
2.7542e-03,1.2849e-04,2.6757e-03
2.8510e-03,1.3587e-04,2.7678e-03
2.9512e-03,1.4366e-04,2.8631e-03
3.0549e-03,1.5190e-04,2.9617e-03
3.1623e-03,1.6062e-04,3.0635e-03
3.2734e-03,1.6982e-04,3.1688e-03
3.3884e-03,1.7956e-04,3.2777e-03
3.5075e-03,1.8984e-04,3.3902e-03
3.6308e-03,2.0071e-04,3.5066e-03
3.7584e-03,2.1220e-04,3.6268e-03
3.8905e-03,2.2435e-04,3.7511e-03
4.0272e-03,2.3718e-04,3.8796e-03
4.1687e-03,2.5074e-04,4.0124e-03
4.3152e-03,2.6508e-04,4.1497e-03
4.4668e-03,2.8022e-04,4.2915e-03
4.6238e-03,2.9622e-04,4.4381e-03
4.7863e-03,3.1313e-04,4.5896e-03
4.9545e-03,3.3100e-04,4.7461e-03
5.1286e-03,3.4987e-04,4.9079e-03
5.3088e-03,3.6981e-04,5.0750e-03
5.4954e-03,3.9088e-04,5.2477e-03
5.6885e-03,4.1313e-04,5.4261e-03
5.8884e-03,4.3664e-04,5.6104e-03
6.0954e-03,4.6147e-04,5.8008e-03
6.3096e-03,4.8770e-04,5.9974e-03
6.5313e-03,5.1540e-04,6.2006e-03
6.7608e-03,5.4466e-04,6.4104e-03
6.9984e-03,5.7555e-04,6.6270e-03
7.2444e-03,6.0818e-04,6.8508e-03
7.4989e-03,6.4262e-04,7.0819e-03
7.7625e-03,6.7900e-04,7.3205e-03
8.0353e-03,7.1740e-04,7.5669e-03
8.3176e-03,7.5794e-04,7.8212e-03
8.6099e-03,8.0074e-04,8.0838e-03
8.9125e-03,8.4592e-04,8.3548e-03
9.2257e-03,8.9360e-04,8.6346e-03
9.5499e-03,9.4393e-04,8.9234e-03
9.8855e-03,9.9704e-04,9.2214e-03
1.0233e-02,1.0531e-03,9.5289e-03
1.0593e-02,1.1122e-03,9.8462e-03
1.0965e-02,1.1746e-03,1.0174e-02
1.1350e-02,1.2404e-03,1.0511e-02
1.1749e-02,1.3099e-03,1.0860e-02
1.2162e-02,1.3831e-03,1.1219e-02
1.2589e-02,1.4603e-03,1.1589e-02
1.3032e-02,1.5418e-03,1.1972e-02
1.3490e-02,1.6277e-03,1.2366e-02
1.3964e-02,1.7182e-03,1.2772e-02
1.4454e-02,1.8137e-03,1.3190e-02
1.4962e-02,1.9143e-03,1.3622e-02
1.5488e-02,2.0204e-03,1.4067e-02
1.6032e-02,2.1321e-03,1.4525e-02
1.6596e-02,2.2499e-03,1.4997e-02
1.7179e-02,2.3740e-03,1.5483e-02
1.7783e-02,2.5047e-03,1.5984e-02
1.8408e-02,2.6423e-03,1.6500e-02
1.9055e-02,2.7873e-03,1.7031e-02
1.9724e-02,2.9400e-03,1.7578e-02
2.0417e-02,3.1007e-03,1.8141e-02
2.1135e-02,3.2698e-03,1.8720e-02
2.1878e-02,3.4479e-03,1.9316e-02
2.2646e-02,3.6352e-03,1.9929e-02
2.3442e-02,3.8323e-03,2.0560e-02
2.4266e-02,4.0397e-03,2.1208e-02
2.5119e-02,4.2577e-03,2.1875e-02
2.6002e-02,4.4870e-03,2.2560e-02
2.6915e-02,4.7280e-03,2.3264e-02
2.7861e-02,4.9814e-03,2.3988e-02
2.8840e-02,5.2476e-03,2.4731e-02
2.9854e-02,5.5273e-03,2.5494e-02
3.0903e-02,5.8211e-03,2.6278e-02
3.1989e-02,6.1297e-03,2.7082e-02
3.3113e-02,6.4536e-03,2.7907e-02
3.4277e-02,6.7936e-03,2.8754e-02
3.5481e-02,7.1504e-03,2.9622e-02
3.6728e-02,7.5248e-03,3.0512e-02
3.8019e-02,7.9174e-03,3.1425e-02
3.9355e-02,8.3290e-03,3.2359e-02
4.0738e-02,8.7605e-03,3.3317e-02
4.2170e-02,9.2127e-03,3.4297e-02
4.3652e-02,9.6865e-03,3.5301e-02
4.5186e-02,1.0183e-02,3.6328e-02
4.6774e-02,1.0702e-02,3.7378e-02
4.8417e-02,1.1246e-02,3.8452e-02
5.0119e-02,1.1815e-02,3.9550e-02
5.1880e-02,1.2409e-02,4.0671e-02
5.3703e-02,1.3031e-02,4.1816e-02
5.5590e-02,1.3682e-02,4.2985e-02
5.7544e-02,1.4361e-02,4.4178e-02
5.9566e-02,1.5070e-02,4.5394e-02
6.1660e-02,1.5811e-02,4.6634e-02
6.3826e-02,1.6584e-02,4.7898e-02
6.6069e-02,1.7390e-02,4.9184e-02
6.8391e-02,1.8230e-02,5.0494e-02
7.0795e-02,1.9106e-02,5.1826e-02
7.3282e-02,2.0019e-02,5.3181e-02
7.5858e-02,2.0969e-02,5.4558e-02
7.8524e-02,2.1959e-02,5.5956e-02
8.1283e-02,2.2988e-02,5.7376e-02
8.4140e-02,2.4058e-02,5.8815e-02
8.7096e-02,2.5170e-02,6.0275e-02
9.0157e-02,2.6325e-02,6.1754e-02
9.3325e-02,2.7525e-02,6.3252e-02
9.6605e-02,2.8769e-02,6.4767e-02
1.0000e-01,3.0060e-02,6.6300e-02
1.0351e-01,3.1399e-02,6.7848e-02
1.0715e-01,3.2785e-02,6.9412e-02
1.1092e-01,3.4221e-02,7.0989e-02
1.1482e-01,3.5706e-02,7.2580e-02
1.1885e-01,3.7243e-02,7.4183e-02
1.2303e-01,3.8831e-02,7.5796e-02
1.2735e-01,4.0472e-02,7.7419e-02
1.3183e-01,4.2166e-02,7.9050e-02
1.3646e-01,4.3913e-02,8.0688e-02
1.4125e-01,4.5716e-02,8.2332e-02
1.4622e-01,4.7573e-02,8.3980e-02
1.5136e-01,4.9485e-02,8.5630e-02
1.5668e-01,5.1453e-02,8.7281e-02
1.6218e-01,5.3478e-02,8.8933e-02
1.6788e-01,5.5558e-02,9.0582e-02
1.7378e-01,5.7695e-02,9.2227e-02
1.7989e-01,5.9889e-02,9.3868e-02
1.8621e-01,6.2139e-02,9.5501e-02
1.9275e-01,6.4445e-02,9.7127e-02
1.9953e-01,6.6808e-02,9.8742e-02
2.0654e-01,6.9227e-02,1.0035e-01
2.1380e-01,7.1701e-02,1.0194e-01
2.2131e-01,7.4231e-02,1.0351e-01
2.2909e-01,7.6815e-02,1.0507e-01
2.3714e-01,7.9453e-02,1.0661e-01
2.4547e-01,8.2145e-02,1.0813e-01
2.5410e-01,8.4889e-02,1.0963e-01
2.6303e-01,8.7684e-02,1.1110e-01
2.7227e-01,9.0530e-02,1.1256e-01
2.8184e-01,9.3426e-02,1.1398e-01
2.9174e-01,9.6370e-02,1.1538e-01
3.0200e-01,9.9362e-02,1.1675e-01
3.1261e-01,1.0240e-01,1.1809e-01
3.2359e-01,1.0548e-01,1.1940e-01
3.3497e-01,1.0861e-01,1.2068e-01
3.4674e-01,1.1178e-01,1.2192e-01
3.5892e-01,1.1498e-01,1.2313e-01
3.7154e-01,1.1823e-01,1.2430e-01
3.8459e-01,1.2151e-01,1.2544e-01
3.9811e-01,1.2483e-01,1.2654e-01
4.1210e-01,1.2819e-01,1.2761e-01
4.2658e-01,1.3157e-01,1.2863e-01
4.4157e-01,1.3499e-01,1.2962e-01
4.5709e-01,1.3844e-01,1.3057e-01
4.7315e-01,1.4191e-01,1.3148e-01
4.8978e-01,1.4541e-01,1.3234e-01
5.0699e-01,1.4893e-01,1.3317e-01
5.2481e-01,1.5248e-01,1.3396e-01
5.4325e-01,1.5604e-01,1.3471e-01
5.6234e-01,1.5963e-01,1.3542e-01
5.8210e-01,1.6323e-01,1.3609e-01
6.0256e-01,1.6685e-01,1.3671e-01
6.2373e-01,1.7048e-01,1.3730e-01
6.4565e-01,1.7412e-01,1.3785e-01
6.6834e-01,1.7777e-01,1.3836e-01
6.9183e-01,1.8143e-01,1.3883e-01
7.1614e-01,1.8510e-01,1.3926e-01
7.4131e-01,1.8878e-01,1.3965e-01
7.6736e-01,1.9246e-01,1.4001e-01
7.9433e-01,1.9615e-01,1.4033e-01
8.2224e-01,1.9983e-01,1.4061e-01
8.5114e-01,2.0352e-01,1.4086e-01
8.8105e-01,2.0721e-01,1.4107e-01
9.1201e-01,2.1090e-01,1.4125e-01
9.4406e-01,2.1458e-01,1.4140e-01
9.7724e-01,2.1826e-01,1.4151e-01
1.0116e+00,2.2193e-01,1.4159e-01
1.0471e+00,2.2560e-01,1.4164e-01
1.0839e+00,2.2926e-01,1.4166e-01
1.1220e+00,2.3292e-01,1.4165e-01
1.1614e+00,2.3656e-01,1.4162e-01
1.2023e+00,2.4020e-01,1.4155e-01
1.2445e+00,2.4383e-01,1.4146e-01
1.2882e+00,2.4744e-01,1.4134e-01
1.3335e+00,2.5105e-01,1.4120e-01
1.3804e+00,2.5464e-01,1.4103e-01
1.4289e+00,2.5822e-01,1.4084e-01
1.4791e+00,2.6179e-01,1.4063e-01
1.5311e+00,2.6535e-01,1.4039e-01
1.5849e+00,2.6889e-01,1.4014e-01
1.6406e+00,2.7241e-01,1.3986e-01
1.6982e+00,2.7592e-01,1.3957e-01
1.7579e+00,2.7942e-01,1.3925e-01
1.8197e+00,2.8290e-01,1.3892e-01
1.8836e+00,2.8636e-01,1.3857e-01
1.9498e+00,2.8981e-01,1.3821e-01
2.0184e+00,2.9324e-01,1.3783e-01
2.0893e+00,2.9666e-01,1.3744e-01
2.1627e+00,3.0006e-01,1.3703e-01
2.2387e+00,3.0344e-01,1.3661e-01
2.3174e+00,3.0681e-01,1.3617e-01
2.3988e+00,3.1015e-01,1.3573e-01
2.4831e+00,3.1348e-01,1.3527e-01
2.5704e+00,3.1680e-01,1.3480e-01
2.6607e+00,3.2009e-01,1.3432e-01
2.7542e+00,3.2337e-01,1.3383e-01
2.8510e+00,3.2663e-01,1.3333e-01
2.9512e+00,3.2988e-01,1.3283e-01
3.0549e+00,3.3310e-01,1.3231e-01
3.1623e+00,3.3631e-01,1.3179e-01
3.2734e+00,3.3950e-01,1.3126e-01
3.3884e+00,3.4268e-01,1.3072e-01
3.5075e+00,3.4584e-01,1.3018e-01
3.6308e+00,3.4897e-01,1.2963e-01
3.7584e+00,3.5210e-01,1.2908e-01
3.8905e+00,3.5520e-01,1.2852e-01
4.0272e+00,3.5829e-01,1.2795e-01
4.1687e+00,3.6136e-01,1.2738e-01
4.3152e+00,3.6441e-01,1.2681e-01
4.4668e+00,3.6744e-01,1.2624e-01
4.6238e+00,3.7046e-01,1.2566e-01
4.7863e+00,3.7346e-01,1.2507e-01
4.9545e+00,3.7645e-01,1.2449e-01
5.1286e+00,3.7942e-01,1.2390e-01
5.3088e+00,3.8237e-01,1.2331e-01
5.4954e+00,3.8530e-01,1.2272e-01
5.6885e+00,3.8822e-01,1.2212e-01
5.8884e+00,3.9112e-01,1.2153e-01
6.0954e+00,3.9400e-01,1.2093e-01
6.3096e+00,3.9687e-01,1.2034e-01
6.5313e+00,3.9972e-01,1.1974e-01
6.7608e+00,4.0256e-01,1.1914e-01
6.9984e+00,4.0538e-01,1.1854e-01
7.2444e+00,4.0819e-01,1.1794e-01
7.4989e+00,4.1097e-01,1.1734e-01
7.7625e+00,4.1375e-01,1.1674e-01
8.0353e+00,4.1650e-01,1.1614e-01
8.3176e+00,4.1924e-01,1.1554e-01
8.6099e+00,4.2197e-01,1.1494e-01
8.9125e+00,4.2468e-01,1.1434e-01
9.2257e+00,4.2738e-01,1.1374e-01
9.5499e+00,4.3006e-01,1.1315e-01
9.8855e+00,4.3272e-01,1.1255e-01
1.0233e+01,4.3537e-01,1.1195e-01
1.0593e+01,4.3800e-01,1.1136e-01
1.0965e+01,4.4062e-01,1.1077e-01
1.1350e+01,4.4323e-01,1.1018e-01
1.1749e+01,4.4582e-01,1.0958e-01
1.2162e+01,4.4839e-01,1.0900e-01
1.2589e+01,4.5096e-01,1.0841e-01
1.3032e+01,4.5350e-01,1.0782e-01
1.3490e+01,4.5603e-01,1.0724e-01
1.3964e+01,4.5855e-01,1.0666e-01
1.4454e+01,4.6105e-01,1.0608e-01
1.4962e+01,4.6354e-01,1.0550e-01
1.5488e+01,4.6602e-01,1.0492e-01
1.6032e+01,4.6848e-01,1.0435e-01
1.6596e+01,4.7093e-01,1.0377e-01
1.7179e+01,4.7336e-01,1.0320e-01
1.7783e+01,4.7578e-01,1.0264e-01
1.8408e+01,4.7818e-01,1.0207e-01
1.9055e+01,4.8057e-01,1.0151e-01
1.9724e+01,4.8295e-01,1.0094e-01
2.0417e+01,4.8532e-01,1.0039e-01
2.1135e+01,4.8767e-01,9.9829e-02
2.1878e+01,4.9001e-01,9.9274e-02
2.2646e+01,4.9233e-01,9.8722e-02
2.3442e+01,4.9464e-01,9.8173e-02
2.4266e+01,4.9694e-01,9.7626e-02
2.5119e+01,4.9922e-01,9.7081e-02
2.6002e+01,5.0149e-01,9.6539e-02
2.6915e+01,5.0375e-01,9.6000e-02
2.7861e+01,5.0600e-01,9.5463e-02
2.8840e+01,5.0823e-01,9.4929e-02
2.9854e+01,5.1045e-01,9.4398e-02
3.0903e+01,5.1266e-01,9.3869e-02
3.1989e+01,5.1485e-01,9.3343e-02
3.3113e+01,5.1703e-01,9.2820e-02
3.4277e+01,5.1920e-01,9.2299e-02
3.5481e+01,5.2136e-01,9.1781e-02
3.6728e+01,5.2350e-01,9.1266e-02
3.8019e+01,5.2563e-01,9.0754e-02
3.9355e+01,5.2775e-01,9.0245e-02
4.0738e+01,5.2986e-01,8.9738e-02
4.2170e+01,5.3195e-01,8.9235e-02
4.3652e+01,5.3403e-01,8.8734e-02
4.5186e+01,5.3610e-01,8.8236e-02
4.6774e+01,5.3816e-01,8.7741e-02
4.8417e+01,5.4021e-01,8.7249e-02
5.0119e+01,5.4224e-01,8.6760e-02
5.1880e+01,5.4427e-01,8.6274e-02
5.3703e+01,5.4628e-01,8.5791e-02
5.5590e+01,5.4828e-01,8.5310e-02
5.7544e+01,5.5027e-01,8.4833e-02
5.9566e+01,5.5224e-01,8.4359e-02
6.1660e+01,5.5421e-01,8.3888e-02
6.3826e+01,5.5616e-01,8.3420e-02
6.6069e+01,5.5810e-01,8.2954e-02
6.8391e+01,5.6003e-01,8.2492e-02
7.0795e+01,5.6195e-01,8.2033e-02
7.3282e+01,5.6386e-01,8.1577e-02
7.5858e+01,5.6576e-01,8.1124e-02
7.8524e+01,5.6765e-01,8.0674e-02
8.1283e+01,5.6952e-01,8.0227e-02
8.4140e+01,5.7139e-01,7.9784e-02
8.7096e+01,5.7324e-01,7.9343e-02
9.0157e+01,5.7509e-01,7.8905e-02
9.3325e+01,5.7692e-01,7.8471e-02
9.6605e+01,5.7874e-01,7.8039e-02
1.0000e+02,5.8055e-01,7.7611e-02
1.0351e+02,5.8235e-01,7.7186e-02
1.0715e+02,5.8415e-01,7.6764e-02
1.1092e+02,5.8593e-01,7.6345e-02
1.1482e+02,5.8770e-01,7.5929e-02
1.1885e+02,5.8946e-01,7.5516e-02
1.2303e+02,5.9121e-01,7.5107e-02
1.2735e+02,5.9295e-01,7.4700e-02
1.3183e+02,5.9468e-01,7.4297e-02
1.3646e+02,5.9640e-01,7.3897e-02
1.4125e+02,5.9811e-01,7.3500e-02
1.4622e+02,5.9981e-01,7.3106e-02
1.5136e+02,6.0150e-01,7.2715e-02
1.5668e+02,6.0319e-01,7.2327e-02
1.6218e+02,6.0486e-01,7.1942e-02
1.6788e+02,6.0652e-01,7.1561e-02
1.7378e+02,6.0818e-01,7.1183e-02
1.7989e+02,6.0982e-01,7.0807e-02
1.8621e+02,6.1146e-01,7.0435e-02
1.9275e+02,6.1308e-01,7.0066e-02
1.9953e+02,6.1470e-01,6.9700e-02
2.0654e+02,6.1631e-01,6.9338e-02
2.1380e+02,6.1791e-01,6.8978e-02
2.2131e+02,6.1950e-01,6.8621e-02
2.2909e+02,6.2108e-01,6.8268e-02
2.3714e+02,6.2265e-01,6.7917e-02
2.4547e+02,6.2422e-01,6.7570e-02
2.5410e+02,6.2578e-01,6.7225e-02
2.6303e+02,6.2732e-01,6.6884e-02
2.7227e+02,6.2886e-01,6.6546e-02
2.8184e+02,6.3039e-01,6.6211e-02
2.9174e+02,6.3192e-01,6.5879e-02
3.0200e+02,6.3343e-01,6.5550e-02
3.1261e+02,6.3494e-01,6.5223e-02
3.2359e+02,6.3644e-01,6.4900e-02
3.3497e+02,6.3793e-01,6.4580e-02
3.4674e+02,6.3941e-01,6.4263e-02
3.5892e+02,6.4089e-01,6.3949e-02
3.7154e+02,6.4235e-01,6.3638e-02
3.8459e+02,6.4381e-01,6.3330e-02
3.9811e+02,6.4527e-01,6.3025e-02
4.1210e+02,6.4671e-01,6.2722e-02
4.2658e+02,6.4815e-01,6.2423e-02
4.4157e+02,6.4958e-01,6.2126e-02
4.5709e+02,6.5100e-01,6.1833e-02
4.7315e+02,6.5242e-01,6.1542e-02
4.8978e+02,6.5383e-01,6.1254e-02
5.0699e+02,6.5523e-01,6.0969e-02
5.2481e+02,6.5662e-01,6.0687e-02
5.4325e+02,6.5801e-01,6.0408e-02
5.6234e+02,6.5939e-01,6.0132e-02
5.8210e+02,6.6077e-01,5.9858e-02
6.0256e+02,6.6213e-01,5.9587e-02
6.2373e+02,6.6349e-01,5.9319e-02
6.4565e+02,6.6485e-01,5.9054e-02
6.6834e+02,6.6620e-01,5.8791e-02
6.9183e+02,6.6754e-01,5.8531e-02
7.1614e+02,6.6887e-01,5.8274e-02
7.4131e+02,6.7020e-01,5.8020e-02
7.6736e+02,6.7152e-01,5.7768e-02
7.9433e+02,6.7284e-01,5.7519e-02
8.2224e+02,6.7415e-01,5.7272e-02
8.5114e+02,6.7545e-01,5.7028e-02
8.8105e+02,6.7675e-01,5.6787e-02
9.1201e+02,6.7805e-01,5.6549e-02
9.4406e+02,6.7933e-01,5.6312e-02
9.7724e+02,6.8061e-01,5.6079e-02
1.0116e+03,6.8189e-01,5.5848e-02
1.0471e+03,6.8316e-01,5.5619e-02
1.0839e+03,6.8442e-01,5.5393e-02
1.1220e+03,6.8568e-01,5.5170e-02
1.1614e+03,6.8693e-01,5.4949e-02
1.2023e+03,6.8818e-01,5.4730e-02
1.2445e+03,6.8942e-01,5.4514e-02
1.2882e+03,6.9066e-01,5.4300e-02
1.3335e+03,6.9189e-01,5.4089e-02
1.3804e+03,6.9312e-01,5.3880e-02
1.4289e+03,6.9434e-01,5.3673e-02
1.4791e+03,6.9555e-01,5.3469e-02
1.5311e+03,6.9676e-01,5.3266e-02
1.5849e+03,6.9797e-01,5.3067e-02
1.6406e+03,6.9917e-01,5.2869e-02
1.6982e+03,7.0037e-01,5.2674e-02
1.7579e+03,7.0156e-01,5.2480e-02
1.8197e+03,7.0275e-01,5.2290e-02
1.8836e+03,7.0393e-01,5.2101e-02
1.9498e+03,7.0511e-01,5.1914e-02
2.0184e+03,7.0628e-01,5.1730e-02
2.0893e+03,7.0745e-01,5.1547e-02
2.1627e+03,7.0862e-01,5.1367e-02
2.2387e+03,7.0978e-01,5.1189e-02
2.3174e+03,7.1093e-01,5.1013e-02
2.3988e+03,7.1208e-01,5.0838e-02
2.4831e+03,7.1323e-01,5.0666e-02
2.5704e+03,7.1437e-01,5.0496e-02
2.6607e+03,7.1551e-01,5.0328e-02
2.7542e+03,7.1665e-01,5.0162e-02
2.8510e+03,7.1778e-01,4.9997e-02
2.9512e+03,7.1891e-01,4.9835e-02
3.0549e+03,7.2003e-01,4.9674e-02
3.1623e+03,7.2115e-01,4.9515e-02
3.2734e+03,7.2226e-01,4.9358e-02
3.3884e+03,7.2337e-01,4.9203e-02
3.5075e+03,7.2448e-01,4.9050e-02
3.6308e+03,7.2559e-01,4.8898e-02
3.7584e+03,7.2669e-01,4.8749e-02
3.8905e+03,7.2778e-01,4.8600e-02
4.0272e+03,7.2888e-01,4.8454e-02
4.1687e+03,7.2997e-01,4.8309e-02
4.3152e+03,7.3105e-01,4.8166e-02
4.4668e+03,7.3213e-01,4.8025e-02
4.6238e+03,7.3321e-01,4.7885e-02
4.7863e+03,7.3429e-01,4.7746e-02
4.9545e+03,7.3536e-01,4.7610e-02
5.1286e+03,7.3643e-01,4.7474e-02
5.3088e+03,7.3750e-01,4.7341e-02
5.4954e+03,7.3856e-01,4.7209e-02
5.6885e+03,7.3962e-01,4.7078e-02
5.8884e+03,7.4068e-01,4.6949e-02
6.0954e+03,7.4173e-01,4.6821e-02
6.3096e+03,7.4278e-01,4.6694e-02
6.5313e+03,7.4383e-01,4.6569e-02
6.7608e+03,7.4487e-01,4.6446e-02
6.9984e+03,7.4591e-01,4.6323e-02
7.2444e+03,7.4695e-01,4.6202e-02
7.4989e+03,7.4799e-01,4.6083e-02
7.7625e+03,7.4902e-01,4.5964e-02
8.0353e+03,7.5005e-01,4.5847e-02
8.3176e+03,7.5108e-01,4.5731e-02
8.6099e+03,7.5210e-01,4.5617e-02
8.9125e+03,7.5312e-01,4.5503e-02
9.2257e+03,7.5414e-01,4.5391e-02
9.5499e+03,7.5516e-01,4.5280e-02
9.8855e+03,7.5617e-01,4.5169e-02
1.0233e+04,7.5718e-01,4.5061e-02
1.0593e+04,7.5819e-01,4.4953e-02
1.0965e+04,7.5920e-01,4.4846e-02
1.1350e+04,7.6020e-01,4.4740e-02
1.1749e+04,7.6120e-01,4.4636e-02
1.2162e+04,7.6220e-01,4.4532e-02
1.2589e+04,7.6319e-01,4.4429e-02
1.3032e+04,7.6419e-01,4.4328e-02
1.3490e+04,7.6518e-01,4.4227e-02
1.3964e+04,7.6617e-01,4.4127e-02
1.4454e+04,7.6715e-01,4.4028e-02
1.4962e+04,7.6814e-01,4.3930e-02
1.5488e+04,7.6912e-01,4.3833e-02
1.6032e+04,7.7010e-01,4.3737e-02
1.6596e+04,7.7107e-01,4.3641e-02
1.7179e+04,7.7205e-01,4.3546e-02
1.7783e+04,7.7302e-01,4.3453e-02
1.8408e+04,7.7399e-01,4.3359e-02
1.9055e+04,7.7496e-01,4.3267e-02
1.9724e+04,7.7592e-01,4.3176e-02
2.0417e+04,7.7689e-01,4.3085e-02
2.1135e+04,7.7785e-01,4.2994e-02
2.1878e+04,7.7881e-01,4.2905e-02
2.2646e+04,7.7977e-01,4.2816e-02
2.3442e+04,7.8072e-01,4.2728e-02
2.4266e+04,7.8167e-01,4.2640e-02
2.5119e+04,7.8263e-01,4.2554e-02
2.6002e+04,7.8357e-01,4.2467e-02
2.6915e+04,7.8452e-01,4.2381e-02
2.7861e+04,7.8547e-01,4.2296e-02
2.8840e+04,7.8641e-01,4.2212e-02
2.9854e+04,7.8735e-01,4.2127e-02
3.0903e+04,7.8829e-01,4.2044e-02
3.1989e+04,7.8923e-01,4.1961e-02
3.3113e+04,7.9016e-01,4.1878e-02
3.4277e+04,7.9110e-01,4.1796e-02
3.5481e+04,7.9203e-01,4.1714e-02
3.6728e+04,7.9296e-01,4.1633e-02
3.8019e+04,7.9388e-01,4.1552e-02
3.9355e+04,7.9481e-01,4.1471e-02
4.0738e+04,7.9573e-01,4.1391e-02
4.2170e+04,7.9666e-01,4.1311e-02
4.3652e+04,7.9758e-01,4.1232e-02
4.5186e+04,7.9850e-01,4.1153e-02
4.6774e+04,7.9941e-01,4.1074e-02
4.8417e+04,8.0033e-01,4.0995e-02
5.0119e+04,8.0124e-01,4.0917e-02
5.1880e+04,8.0215e-01,4.0839e-02
5.3703e+04,8.0306e-01,4.0762e-02
5.5590e+04,8.0397e-01,4.0684e-02
5.7544e+04,8.0487e-01,4.0607e-02
5.9566e+04,8.0578e-01,4.0530e-02
6.1660e+04,8.0668e-01,4.0453e-02
6.3826e+04,8.0758e-01,4.0377e-02
6.6069e+04,8.0848e-01,4.0300e-02
6.8391e+04,8.0938e-01,4.0224e-02
7.0795e+04,8.1027e-01,4.0148e-02
7.3282e+04,8.1117e-01,4.0072e-02
7.5858e+04,8.1206e-01,3.9996e-02
7.8524e+04,8.1295e-01,3.9920e-02
8.1283e+04,8.1384e-01,3.9844e-02
8.4140e+04,8.1472e-01,3.9769e-02
8.7096e+04,8.1561e-01,3.9693e-02
9.0157e+04,8.1649e-01,3.9618e-02
9.3325e+04,8.1737e-01,3.9542e-02
9.6605e+04,8.1825e-01,3.9467e-02
1.0000e+05,8.1913e-01,3.9391e-02
1.0351e+05,8.2001e-01,3.9316e-02
1.0715e+05,8.2088e-01,3.9241e-02
1.1092e+05,8.2175e-01,3.9165e-02
1.1482e+05,8.2263e-01,3.9090e-02
1.1885e+05,8.2350e-01,3.9014e-02
1.2303e+05,8.2436e-01,3.8939e-02
1.2735e+05,8.2523e-01,3.8863e-02
1.3183e+05,8.2609e-01,3.8788e-02
1.3646e+05,8.2696e-01,3.8712e-02
1.4125e+05,8.2782e-01,3.8636e-02
1.4622e+05,8.2868e-01,3.8560e-02
1.5136e+05,8.2954e-01,3.8484e-02
1.5668e+05,8.3039e-01,3.8408e-02
1.6218e+05,8.3125e-01,3.8332e-02
1.6788e+05,8.3210e-01,3.8256e-02
1.7378e+05,8.3295e-01,3.8179e-02
1.7989e+05,8.3380e-01,3.8102e-02
1.8621e+05,8.3465e-01,3.8026e-02
1.9275e+05,8.3549e-01,3.7948e-02
1.9953e+05,8.3634e-01,3.7871e-02
2.0654e+05,8.3718e-01,3.7794e-02
2.1380e+05,8.3802e-01,3.7716e-02
2.2131e+05,8.3886e-01,3.7639e-02
2.2909e+05,8.3969e-01,3.7561e-02
2.3714e+05,8.4053e-01,3.7482e-02
2.4547e+05,8.4136e-01,3.7404e-02
2.5410e+05,8.4219e-01,3.7325e-02
2.6303e+05,8.4302e-01,3.7246e-02
2.7227e+05,8.4385e-01,3.7167e-02
2.8184e+05,8.4468e-01,3.7088e-02
2.9174e+05,8.4550e-01,3.7008e-02
3.0200e+05,8.4633e-01,3.6928e-02
3.1261e+05,8.4715e-01,3.6848e-02
3.2359e+05,8.4797e-01,3.6767e-02
3.3497e+05,8.4878e-01,3.6686e-02
3.4674e+05,8.4960e-01,3.6605e-02
3.5892e+05,8.5041e-01,3.6524e-02
3.7154e+05,8.5123e-01,3.6442e-02
3.8459e+05,8.5204e-01,3.6360e-02
3.9811e+05,8.5284e-01,3.6278e-02
4.1210e+05,8.5365e-01,3.6195e-02
4.2658e+05,8.5446e-01,3.6112e-02
4.4157e+05,8.5526e-01,3.6029e-02
4.5709e+05,8.5606e-01,3.5945e-02
4.7315e+05,8.5686e-01,3.5861e-02
4.8978e+05,8.5766e-01,3.5776e-02
5.0699e+05,8.5845e-01,3.5692e-02
5.2481e+05,8.5925e-01,3.5607e-02
5.4325e+05,8.6004e-01,3.5521e-02
5.6234e+05,8.6083e-01,3.5435e-02
5.8210e+05,8.6162e-01,3.5349e-02
6.0256e+05,8.6240e-01,3.5263e-02
6.2373e+05,8.6319e-01,3.5176e-02
6.4565e+05,8.6397e-01,3.5089e-02
6.6834e+05,8.6475e-01,3.5001e-02
6.9183e+05,8.6553e-01,3.4913e-02
7.1614e+05,8.6630e-01,3.4824e-02
7.4131e+05,8.6708e-01,3.4736e-02
7.6736e+05,8.6785e-01,3.4646e-02
7.9433e+05,8.6862e-01,3.4557e-02
8.2224e+05,8.6939e-01,3.4467e-02
8.5114e+05,8.7015e-01,3.4376e-02
8.8105e+05,8.7092e-01,3.4286e-02
9.1201e+05,8.7168e-01,3.4194e-02
9.4406e+05,8.7244e-01,3.4103e-02
9.7724e+05,8.7320e-01,3.4011e-02
1.0116e+06,8.7396e-01,3.3918e-02
1.0471e+06,8.7471e-01,3.3826e-02
1.0839e+06,8.7546e-01,3.3732e-02
1.1220e+06,8.7621e-01,3.3639e-02
1.1614e+06,8.7696e-01,3.3545e-02
1.2023e+06,8.7771e-01,3.3450e-02
1.2445e+06,8.7845e-01,3.3355e-02
1.2882e+06,8.7919e-01,3.3260e-02
1.3335e+06,8.7993e-01,3.3165e-02
1.3804e+06,8.8067e-01,3.3068e-02
1.4289e+06,8.8140e-01,3.2972e-02
1.4791e+06,8.8214e-01,3.2875e-02
1.5311e+06,8.8287e-01,3.2778e-02
1.5849e+06,8.8360e-01,3.2680e-02
1.6406e+06,8.8432e-01,3.2582e-02
1.6982e+06,8.8505e-01,3.2483e-02
1.7579e+06,8.8577e-01,3.2384e-02
1.8197e+06,8.8649e-01,3.2285e-02
1.8836e+06,8.8721e-01,3.2185e-02
1.9498e+06,8.8792e-01,3.2085e-02
2.0184e+06,8.8864e-01,3.1984e-02
2.0893e+06,8.8935e-01,3.1883e-02
2.1627e+06,8.9006e-01,3.1782e-02
2.2387e+06,8.9076e-01,3.1680e-02
2.3174e+06,8.9147e-01,3.1578e-02
2.3988e+06,8.9217e-01,3.1476e-02
2.4831e+06,8.9287e-01,3.1373e-02
2.5704e+06,8.9357e-01,3.1269e-02
2.6607e+06,8.9426e-01,3.1165e-02
2.7542e+06,8.9496e-01,3.1061e-02
2.8510e+06,8.9565e-01,3.0957e-02
2.9512e+06,8.9634e-01,3.0852e-02
3.0549e+06,8.9702e-01,3.0747e-02
3.1623e+06,8.9771e-01,3.0641e-02
3.2734e+06,8.9839e-01,3.0535e-02
3.3884e+06,8.9907e-01,3.0429e-02
3.5075e+06,8.9974e-01,3.0322e-02
3.6308e+06,9.0042e-01,3.0215e-02
3.7584e+06,9.0109e-01,3.0107e-02
3.8905e+06,9.0176e-01,2.9999e-02
4.0272e+06,9.0243e-01,2.9891e-02
4.1687e+06,9.0309e-01,2.9782e-02
4.3152e+06,9.0375e-01,2.9673e-02
4.4668e+06,9.0441e-01,2.9564e-02
4.6238e+06,9.0507e-01,2.9455e-02
4.7863e+06,9.0573e-01,2.9345e-02
4.9545e+06,9.0638e-01,2.9234e-02
5.1286e+06,9.0703e-01,2.9124e-02
5.3088e+06,9.0768e-01,2.9013e-02
5.4954e+06,9.0832e-01,2.8902e-02
5.6885e+06,9.0896e-01,2.8790e-02
5.8884e+06,9.0960e-01,2.8678e-02
6.0954e+06,9.1024e-01,2.8566e-02
6.3096e+06,9.1088e-01,2.8453e-02
6.5313e+06,9.1151e-01,2.8341e-02
6.7608e+06,9.1214e-01,2.8227e-02
6.9984e+06,9.1277e-01,2.8114e-02
7.2444e+06,9.1339e-01,2.8000e-02
7.4989e+06,9.1401e-01,2.7886e-02
7.7625e+06,9.1463e-01,2.7772e-02
8.0353e+06,9.1525e-01,2.7658e-02
8.3176e+06,9.1587e-01,2.7543e-02
8.6099e+06,9.1648e-01,2.7428e-02
8.9125e+06,9.1709e-01,2.7312e-02
9.2257e+06,9.1770e-01,2.7197e-02
9.5499e+06,9.1830e-01,2.7081e-02
9.8855e+06,9.1890e-01,2.6965e-02
1.0233e+07,9.1950e-01,2.6849e-02
1.0593e+07,9.2010e-01,2.6732e-02
1.0965e+07,9.2069e-01,2.6616e-02
1.1350e+07,9.2128e-01,2.6499e-02
1.1749e+07,9.2187e-01,2.6381e-02
1.2162e+07,9.2246e-01,2.6264e-02
1.2589e+07,9.2304e-01,2.6146e-02
1.3032e+07,9.2363e-01,2.6029e-02
1.3490e+07,9.2420e-01,2.5911e-02
1.3964e+07,9.2478e-01,2.5793e-02
1.4454e+07,9.2535e-01,2.5674e-02
1.4962e+07,9.2592e-01,2.5556e-02
1.5488e+07,9.2649e-01,2.5437e-02
1.6032e+07,9.2706e-01,2.5318e-02
1.6596e+07,9.2762e-01,2.5199e-02
1.7179e+07,9.2818e-01,2.5080e-02
1.7783e+07,9.2874e-01,2.4961e-02
1.8408e+07,9.2929e-01,2.4841e-02
1.9055e+07,9.2984e-01,2.4722e-02
1.9724e+07,9.3039e-01,2.4602e-02
2.0417e+07,9.3094e-01,2.4482e-02
2.1135e+07,9.3148e-01,2.4363e-02
2.1878e+07,9.3203e-01,2.4242e-02
2.2646e+07,9.3256e-01,2.4122e-02
2.3442e+07,9.3310e-01,2.4002e-02
2.4266e+07,9.3363e-01,2.3882e-02
2.5119e+07,9.3416e-01,2.3761e-02
2.6002e+07,9.3469e-01,2.3641e-02
2.6915e+07,9.3522e-01,2.3520e-02
2.7861e+07,9.3574e-01,2.3400e-02
2.8840e+07,9.3626e-01,2.3279e-02
2.9854e+07,9.3678e-01,2.3158e-02
3.0903e+07,9.3729e-01,2.3038e-02
3.1989e+07,9.3780e-01,2.2917e-02
3.3113e+07,9.3831e-01,2.2796e-02
3.4277e+07,9.3882e-01,2.2675e-02
3.5481e+07,9.3932e-01,2.2554e-02
3.6728e+07,9.3982e-01,2.2434e-02
3.8019e+07,9.4032e-01,2.2313e-02
3.9355e+07,9.4082e-01,2.2192e-02
4.0738e+07,9.4131e-01,2.2071e-02
4.2170e+07,9.4180e-01,2.1950e-02
4.3652e+07,9.4229e-01,2.1829e-02
4.5186e+07,9.4277e-01,2.1708e-02
4.6774e+07,9.4325e-01,2.1587e-02
4.8417e+07,9.4373e-01,2.1467e-02
5.0119e+07,9.4421e-01,2.1346e-02
5.1880e+07,9.4468e-01,2.1225e-02
5.3703e+07,9.4516e-01,2.1105e-02
5.5590e+07,9.4562e-01,2.0984e-02
5.7544e+07,9.4609e-01,2.0864e-02
5.9566e+07,9.4655e-01,2.0743e-02
6.1660e+07,9.4701e-01,2.0623e-02
6.3826e+07,9.4747e-01,2.0503e-02
6.6069e+07,9.4793e-01,2.0382e-02
6.8391e+07,9.4838e-01,2.0262e-02
7.0795e+07,9.4883e-01,2.0142e-02
7.3282e+07,9.4928e-01,2.0023e-02
7.5858e+07,9.4972e-01,1.9903e-02
7.8524e+07,9.5016e-01,1.9783e-02
8.1283e+07,9.5060e-01,1.9664e-02
8.4140e+07,9.5104e-01,1.9545e-02
8.7096e+07,9.5147e-01,1.9425e-02
9.0157e+07,9.5190e-01,1.9306e-02
9.3325e+07,9.5233e-01,1.9187e-02
9.6605e+07,9.5276e-01,1.9069e-02
1.0000e+08,9.5318e-01,1.8950e-02
1.0351e+08,9.5360e-01,1.8832e-02
1.0715e+08,9.5402e-01,1.8713e-02
1.1092e+08,9.5443e-01,1.8595e-02
1.1482e+08,9.5484e-01,1.8478e-02
1.1885e+08,9.5525e-01,1.8360e-02
1.2303e+08,9.5566e-01,1.8242e-02
1.2735e+08,9.5607e-01,1.8125e-02
1.3183e+08,9.5647e-01,1.8008e-02
1.3646e+08,9.5687e-01,1.7891e-02
1.4125e+08,9.5726e-01,1.7775e-02
1.4622e+08,9.5766e-01,1.7658e-02
1.5136e+08,9.5805e-01,1.7542e-02
1.5668e+08,9.5844e-01,1.7426e-02
1.6218e+08,9.5882e-01,1.7310e-02
1.6788e+08,9.5921e-01,1.7195e-02
1.7378e+08,9.5959e-01,1.7080e-02
1.7989e+08,9.5997e-01,1.6965e-02
1.8621e+08,9.6034e-01,1.6850e-02
1.9275e+08,9.6072e-01,1.6736e-02
1.9953e+08,9.6109e-01,1.6622e-02
2.0654e+08,9.6146e-01,1.6508e-02
2.1380e+08,9.6182e-01,1.6394e-02
2.2131e+08,9.6219e-01,1.6281e-02
2.2909e+08,9.6255e-01,1.6168e-02
2.3714e+08,9.6291e-01,1.6055e-02
2.4547e+08,9.6326e-01,1.5943e-02
2.5410e+08,9.6361e-01,1.5831e-02
2.6303e+08,9.6396e-01,1.5719e-02
2.7227e+08,9.6431e-01,1.5608e-02
2.8184e+08,9.6466e-01,1.5496e-02
2.9174e+08,9.6500e-01,1.5386e-02
3.0200e+08,9.6534e-01,1.5275e-02
3.1261e+08,9.6568e-01,1.5165e-02
3.2359e+08,9.6602e-01,1.5055e-02
3.3497e+08,9.6635e-01,1.4946e-02
3.4674e+08,9.6668e-01,1.4837e-02
3.5892e+08,9.6701e-01,1.4728e-02
3.7154e+08,9.6734e-01,1.4619e-02
3.8459e+08,9.6766e-01,1.4511e-02
3.9811e+08,9.6798e-01,1.4404e-02
4.1210e+08,9.6830e-01,1.4296e-02
4.2658e+08,9.6862e-01,1.4189e-02
4.4157e+08,9.6893e-01,1.4083e-02
4.5709e+08,9.6924e-01,1.3976e-02
4.7315e+08,9.6955e-01,1.3871e-02
4.8978e+08,9.6986e-01,1.3765e-02
5.0699e+08,9.7016e-01,1.3660e-02
5.2481e+08,9.7046e-01,1.3555e-02
5.4325e+08,9.7076e-01,1.3451e-02
5.6234e+08,9.7106e-01,1.3347e-02
5.8210e+08,9.7136e-01,1.3244e-02
6.0256e+08,9.7165e-01,1.3141e-02
6.2373e+08,9.7194e-01,1.3038e-02
6.4565e+08,9.7223e-01,1.2936e-02
6.6834e+08,9.7252e-01,1.2834e-02
6.9183e+08,9.7280e-01,1.2732e-02
7.1614e+08,9.7308e-01,1.2631e-02
7.4131e+08,9.7336e-01,1.2531e-02
7.6736e+08,9.7364e-01,1.2431e-02
7.9433e+08,9.7391e-01,1.2331e-02
8.2224e+08,9.7419e-01,1.2231e-02
8.5114e+08,9.7446e-01,1.2133e-02
8.8105e+08,9.7472e-01,1.2034e-02
9.1201e+08,9.7499e-01,1.1936e-02
9.4406e+08,9.7525e-01,1.1839e-02
9.7724e+08,9.7552e-01,1.1741e-02
1.0116e+09,9.7577e-01,1.1645e-02
1.0471e+09,9.7603e-01,1.1548e-02
1.0839e+09,9.7629e-01,1.1453e-02
1.1220e+09,9.7654e-01,1.1357e-02
1.1614e+09,9.7679e-01,1.1262e-02
1.2023e+09,9.7704e-01,1.1168e-02
1.2445e+09,9.7729e-01,1.1074e-02
1.2882e+09,9.7753e-01,1.0981e-02
1.3335e+09,9.7777e-01,1.0888e-02
1.3804e+09,9.7801e-01,1.0795e-02
1.4289e+09,9.7825e-01,1.0703e-02
1.4791e+09,9.7849e-01,1.0611e-02
1.5311e+09,9.7872e-01,1.0520e-02
1.5849e+09,9.7896e-01,1.0429e-02
1.6406e+09,9.7919e-01,1.0339e-02
1.6982e+09,9.7941e-01,1.0249e-02
1.7579e+09,9.7964e-01,1.0160e-02
1.8197e+09,9.7987e-01,1.0071e-02
1.8836e+09,9.8009e-01,9.9828e-03
1.9498e+09,9.8031e-01,9.8950e-03
2.0184e+09,9.8053e-01,9.8076e-03
2.0893e+09,9.8074e-01,9.7207e-03
2.1627e+09,9.8096e-01,9.6343e-03
2.2387e+09,9.8117e-01,9.5483e-03
2.3174e+09,9.8138e-01,9.4629e-03
2.3988e+09,9.8159e-01,9.3779e-03
2.4831e+09,9.8180e-01,9.2934e-03
2.5704e+09,9.8200e-01,9.2094e-03
2.6607e+09,9.8220e-01,9.1259e-03
2.7542e+09,9.8241e-01,9.0429e-03
2.8510e+09,9.8261e-01,8.9603e-03
2.9512e+09,9.8280e-01,8.8783e-03
3.0549e+09,9.8300e-01,8.7967e-03
3.1623e+09,9.8319e-01,8.7157e-03
3.2734e+09,9.8338e-01,8.6351e-03
3.3884e+09,9.8358e-01,8.5550e-03
3.5075e+09,9.8376e-01,8.4754e-03
3.6308e+09,9.8395e-01,8.3963e-03
3.7584e+09,9.8414e-01,8.3177e-03
3.8905e+09,9.8432e-01,8.2395e-03
4.0272e+09,9.8450e-01,8.1619e-03
4.1687e+09,9.8468e-01,8.0848e-03
4.3152e+09,9.8486e-01,8.0081e-03
4.4668e+09,9.8504e-01,7.9319e-03
4.6238e+09,9.8521e-01,7.8563e-03
4.7863e+09,9.8538e-01,7.7811e-03
4.9545e+09,9.8556e-01,7.7064e-03
5.1286e+09,9.8572e-01,7.6322e-03
5.3088e+09,9.8589e-01,7.5585e-03
5.4954e+09,9.8606e-01,7.4853e-03
5.6885e+09,9.8622e-01,7.4126e-03
5.8884e+09,9.8639e-01,7.3403e-03
6.0954e+09,9.8655e-01,7.2686e-03
6.3096e+09,9.8671e-01,7.1974e-03
6.5313e+09,9.8687e-01,7.1266e-03
6.7608e+09,9.8702e-01,7.0563e-03
6.9984e+09,9.8718e-01,6.9865e-03
7.2444e+09,9.8733e-01,6.9172e-03
7.4989e+09,9.8749e-01,6.8484e-03
7.7625e+09,9.8764e-01,6.7801e-03
8.0353e+09,9.8779e-01,6.7122e-03
8.3176e+09,9.8793e-01,6.6449e-03
8.6099e+09,9.8808e-01,6.5780e-03
8.9125e+09,9.8823e-01,6.5116e-03
9.2257e+09,9.8837e-01,6.4457e-03
9.5499e+09,9.8851e-01,6.3802e-03
9.8855e+09,9.8865e-01,6.3153e-03
1.0233e+10,9.8879e-01,6.2508e-03
1.0593e+10,9.8893e-01,6.1868e-03
1.0965e+10,9.8906e-01,6.1233e-03
1.1350e+10,9.8920e-01,6.0602e-03
1.1749e+10,9.8933e-01,5.9977e-03
1.2162e+10,9.8946e-01,5.9356e-03
1.2589e+10,9.8959e-01,5.8739e-03
1.3032e+10,9.8972e-01,5.8128e-03
1.3490e+10,9.8985e-01,5.7521e-03
1.3964e+10,9.8998e-01,5.6919e-03
1.4454e+10,9.9010e-01,5.6321e-03
1.4962e+10,9.9023e-01,5.5728e-03
1.5488e+10,9.9035e-01,5.5140e-03
1.6032e+10,9.9047e-01,5.4556e-03
1.6596e+10,9.9059e-01,5.3977e-03
1.7179e+10,9.9071e-01,5.3403e-03
1.7783e+10,9.9083e-01,5.2833e-03
1.8408e+10,9.9094e-01,5.2268e-03
1.9055e+10,9.9106e-01,5.1707e-03
1.9724e+10,9.9117e-01,5.1151e-03
2.0417e+10,9.9128e-01,5.0599e-03
2.1135e+10,9.9140e-01,5.0052e-03
2.1878e+10,9.9151e-01,4.9510e-03
2.2646e+10,9.9161e-01,4.8971e-03
2.3442e+10,9.9172e-01,4.8438e-03
2.4266e+10,9.9183e-01,4.7908e-03
2.5119e+10,9.9193e-01,4.7384e-03
2.6002e+10,9.9204e-01,4.6863e-03
2.6915e+10,9.9214e-01,4.6347e-03
2.7861e+10,9.9224e-01,4.5835e-03
2.8840e+10,9.9234e-01,4.5328e-03
2.9854e+10,9.9244e-01,4.4825e-03
3.0903e+10,9.9254e-01,4.4326e-03
3.1989e+10,9.9264e-01,4.3832e-03
3.3113e+10,9.9273e-01,4.3341e-03
3.4277e+10,9.9283e-01,4.2856e-03
3.5481e+10,9.9292e-01,4.2374e-03
3.6728e+10,9.9302e-01,4.1896e-03
3.8019e+10,9.9311e-01,4.1423e-03
3.9355e+10,9.9320e-01,4.0954e-03
4.0738e+10,9.9329e-01,4.0489e-03
4.2170e+10,9.9338e-01,4.0028e-03
4.3652e+10,9.9347e-01,3.9572e-03
4.5186e+10,9.9355e-01,3.9119e-03
4.6774e+10,9.9364e-01,3.8670e-03
4.8417e+10,9.9372e-01,3.8226e-03
5.0119e+10,9.9381e-01,3.7785e-03
5.1880e+10,9.9389e-01,3.7349e-03
5.3703e+10,9.9397e-01,3.6917e-03
5.5590e+10,9.9405e-01,3.6488e-03
5.7544e+10,9.9413e-01,3.6064e-03
5.9566e+10,9.9421e-01,3.5643e-03
6.1660e+10,9.9429e-01,3.5226e-03
6.3826e+10,9.9437e-01,3.4814e-03
6.6069e+10,9.9445e-01,3.4405e-03
6.8391e+10,9.9452e-01,3.4000e-03
7.0795e+10,9.9460e-01,3.3598e-03
7.3282e+10,9.9467e-01,3.3201e-03
7.5858e+10,9.9474e-01,3.2807e-03
7.8524e+10,9.9481e-01,3.2417e-03
8.1283e+10,9.9488e-01,3.2031e-03
8.4140e+10,9.9496e-01,3.1648e-03
8.7096e+10,9.9502e-01,3.1269e-03
9.0157e+10,9.9509e-01,3.0894e-03
9.3325e+10,9.9516e-01,3.0523e-03
9.6605e+10,9.9523e-01,3.0155e-03
1.0000e+11,9.9529e-01,2.9791e-03
