   f   ,G_stor ,G_loss 
  Hz   ,  GPa  ,  GPa  
1.0000e-04,5.8714e-07,9.9652e-05
1.0351e-04,6.2101e-07,1.0315e-04
1.0715e-04,6.5684e-07,1.0676e-04
1.1092e-04,6.9473e-07,1.1051e-04
1.1482e-04,7.3481e-07,1.1438e-04
1.1885e-04,7.7720e-07,1.1839e-04
1.2303e-04,8.2203e-07,1.2254e-04
1.2735e-04,8.6946e-07,1.2684e-04
1.3183e-04,9.1961e-07,1.3128e-04
1.3646e-04,9.7266e-07,1.3588e-04
1.4125e-04,1.0288e-06,1.4064e-04
1.4622e-04,1.0881e-06,1.4557e-04
1.5136e-04,1.1509e-06,1.5067e-04
1.5668e-04,1.2173e-06,1.5595e-04
1.6218e-04,1.2875e-06,1.6142e-04
1.6788e-04,1.3618e-06,1.6707e-04
1.7378e-04,1.4404e-06,1.7293e-04
1.7989e-04,1.5234e-06,1.7898e-04
1.8621e-04,1.6113e-06,1.8525e-04
1.9275e-04,1.7043e-06,1.9174e-04
1.9953e-04,1.8026e-06,1.9846e-04
2.0654e-04,1.9066e-06,2.0541e-04
2.1380e-04,2.0166e-06,2.1260e-04
2.2131e-04,2.1329e-06,2.2005e-04
2.2909e-04,2.2560e-06,2.2775e-04
2.3714e-04,2.3861e-06,2.3572e-04
2.4547e-04,2.5237e-06,2.4397e-04
2.5410e-04,2.6693e-06,2.5251e-04
2.6303e-04,2.8233e-06,2.6135e-04
2.7227e-04,2.9861e-06,2.7050e-04
2.8184e-04,3.1584e-06,2.7996e-04
2.9174e-04,3.3406e-06,2.8976e-04
3.0200e-04,3.5332e-06,2.9990e-04
3.1261e-04,3.7370e-06,3.1039e-04
3.2359e-04,3.9526e-06,3.2125e-04
3.3497e-04,4.1805e-06,3.3248e-04
3.4674e-04,4.4217e-06,3.4411e-04
3.5892e-04,4.6767e-06,3.5614e-04
3.7154e-04,4.9464e-06,3.6860e-04
3.8459e-04,5.2316e-06,3.8148e-04
3.9811e-04,5.5333e-06,3.9482e-04
4.1210e-04,5.8524e-06,4.0862e-04
4.2658e-04,6.1899e-06,4.2290e-04
4.4157e-04,6.5468e-06,4.3768e-04
4.5709e-04,6.9243e-06,4.5297e-04
4.7315e-04,7.3235e-06,4.6879e-04
4.8978e-04,7.7458e-06,4.8517e-04
5.0699e-04,8.1923e-06,5.0211e-04
5.2481e-04,8.6646e-06,5.1965e-04
5.4325e-04,9.1641e-06,5.3779e-04
5.6234e-04,9.6923e-06,5.5656e-04
5.8210e-04,1.0251e-05,5.7599e-04
6.0256e-04,1.0842e-05,5.9609e-04
6.2373e-04,1.1467e-05,6.1689e-04
6.4565e-04,1.2128e-05,6.3841e-04
6.6834e-04,1.2826e-05,6.6068e-04
6.9183e-04,1.3565e-05,6.8372e-04
7.1614e-04,1.4347e-05,7.0757e-04
7.4131e-04,1.5174e-05,7.3224e-04
7.6736e-04,1.6048e-05,7.5776e-04
7.9433e-04,1.6972e-05,7.8417e-04
8.2224e-04,1.7950e-05,8.1149e-04
8.5114e-04,1.8984e-05,8.3976e-04
8.8105e-04,2.0077e-05,8.6901e-04
9.1201e-04,2.1233e-05,8.9927e-04
9.4406e-04,2.2456e-05,9.3058e-04
9.7724e-04,2.3749e-05,9.6298e-04
1.0116e-03,2.5116e-05,9.9649e-04
1.0471e-03,2.6561e-05,1.0312e-03
1.0839e-03,2.8090e-05,1.0670e-03
1.1220e-03,2.9707e-05,1.1041e-03
1.1614e-03,3.1416e-05,1.1425e-03
1.2023e-03,3.3223e-05,1.1822e-03
1.2445e-03,3.5135e-05,1.2233e-03
1.2882e-03,3.7155e-05,1.2658e-03
1.3335e-03,3.9292e-05,1.3098e-03
1.3804e-03,4.1552e-05,1.3553e-03
1.4289e-03,4.3940e-05,1.4023e-03
1.4791e-03,4.6466e-05,1.4510e-03
1.5311e-03,4.9137e-05,1.5013e-03
1.5849e-03,5.1960e-05,1.5534e-03
1.6406e-03,5.4946e-05,1.6072e-03
1.6982e-03,5.8102e-05,1.6629e-03
1.7579e-03,6.1439e-05,1.7205e-03
1.8197e-03,6.4967e-05,1.7801e-03
1.8836e-03,6.8697e-05,1.8418e-03
1.9498e-03,7.2640e-05,1.9055e-03
2.0184e-03,7.6808e-05,1.9714e-03
2.0893e-03,8.1215e-05,2.0396e-03
2.1627e-03,8.5874e-05,2.1101e-03
2.2387e-03,9.0798e-05,2.1831e-03
2.3174e-03,9.6004e-05,2.2585e-03
2.3988e-03,1.0151e-04,2.3364e-03
2.4831e-03,1.0732e-04,2.4171e-03
2.5704e-03,1.1347e-04,2.5005e-03
2.6607e-03,1.1997e-04,2.5867e-03
2.7542e-03,1.2684e-04,2.6759e-03
2.8510e-03,1.3410e-04,2.7680e-03
2.9512e-03,1.4177e-04,2.8633e-03
3.0549e-03,1.4988e-04,2.9619e-03
3.1623e-03,1.5845e-04,3.0638e-03
3.2734e-03,1.6751e-04,3.1691e-03
3.3884e-03,1.7708e-04,3.2780e-03
3.5075e-03,1.8719e-04,3.3906e-03
3.6308e-03,1.9788e-04,3.5069e-03
3.7584e-03,2.0918e-04,3.6272e-03
3.8905e-03,2.2111e-04,3.7516e-03
4.0272e-03,2.3372e-04,3.8801e-03
4.1687e-03,2.4704e-04,4.0129e-03
4.3152e-03,2.6112e-04,4.1502e-03
4.4668e-03,2.7599e-04,4.2921e-03
4.6238e-03,2.9170e-04,4.4388e-03
4.7863e-03,3.0830e-04,4.5903e-03
4.9545e-03,3.2584e-04,4.7469e-03
5.1286e-03,3.4436e-04,4.9088e-03
5.3088e-03,3.6392e-04,5.0760e-03
5.4954e-03,3.8458e-04,5.2487e-03
5.6885e-03,4.0640e-04,5.4272e-03
5.8884e-03,4.2945e-04,5.6116e-03
6.0954e-03,4.5379e-04,5.8021e-03
6.3096e-03,4.7950e-04,5.9989e-03
6.5313e-03,5.0664e-04,6.2022e-03
6.7608e-03,5.3530e-04,6.4121e-03
6.9984e-03,5.6556e-04,6.6290e-03
7.2444e-03,5.9750e-04,6.8529e-03
7.4989e-03,6.3123e-04,7.0842e-03
7.7625e-03,6.6683e-04,7.3230e-03
8.0353e-03,7.0441e-04,7.5696e-03
8.3176e-03,7.4408e-04,7.8242e-03
8.6099e-03,7.8594e-04,8.0870e-03
8.9125e-03,8.3013e-04,8.3583e-03
9.2257e-03,8.7675e-04,8.6384e-03
9.5499e-03,9.2595e-04,8.9275e-03
9.8855e-03,9.7786e-04,9.2259e-03
1.0233e-02,1.0326e-03,9.5338e-03
1.0593e-02,1.0904e-03,9.8515e-03
1.0965e-02,1.1513e-03,1.0179e-02
1.1350e-02,1.2156e-03,1.0518e-02
1.1749e-02,1.2834e-03,1.0867e-02
1.2162e-02,1.3549e-03,1.1226e-02
1.2589e-02,1.4303e-03,1.1598e-02
1.3032e-02,1.5098e-03,1.1981e-02
1.3490e-02,1.5935e-03,1.2375e-02
1.3964e-02,1.6819e-03,1.2782e-02
1.4454e-02,1.7750e-03,1.3202e-02
1.4962e-02,1.8731e-03,1.3635e-02
1.5488e-02,1.9764e-03,1.4080e-02
1.6032e-02,2.0854e-03,1.4540e-02
1.6596e-02,2.2001e-03,1.5013e-02
1.7179e-02,2.3210e-03,1.5501e-02
1.7783e-02,2.4483e-03,1.6003e-02
1.8408e-02,2.5824e-03,1.6521e-02
1.9055e-02,2.7236e-03,1.7054e-02
1.9724e-02,2.8722e-03,1.7603e-02
2.0417e-02,3.0286e-03,1.8168e-02
2.1135e-02,3.1932e-03,1.8749e-02
2.1878e-02,3.3665e-03,1.9348e-02
2.2646e-02,3.5488e-03,1.9964e-02
2.3442e-02,3.7405e-03,2.0597e-02
2.4266e-02,3.9422e-03,2.1249e-02
2.5119e-02,4.1543e-03,2.1919e-02
2.6002e-02,4.3772e-03,2.2608e-02
2.6915e-02,4.6116e-03,2.3316e-02
2.7861e-02,4.8579e-03,2.4044e-02
2.8840e-02,5.1167e-03,2.4792e-02
2.9854e-02,5.3887e-03,2.5560e-02
3.0903e-02,5.6742e-03,2.6350e-02
3.1989e-02,5.9741e-03,2.7160e-02
3.3113e-02,6.2889e-03,2.7992e-02
3.4277e-02,6.6194e-03,2.8845e-02
3.5481e-02,6.9661e-03,2.9721e-02
3.6728e-02,7.3299e-03,3.0620e-02
3.8019e-02,7.7114e-03,3.1541e-02
3.9355e-02,8.1114e-03,3.2485e-02
4.0738e-02,8.5308e-03,3.3453e-02
4.2170e-02,8.9703e-03,3.4444e-02
4.3652e-02,9.4307e-03,3.5460e-02
4.5186e-02,9.9129e-03,3.6500e-02
4.6774e-02,1.0418e-02,3.7564e-02
4.8417e-02,1.0946e-02,3.8652e-02
5.0119e-02,1.1499e-02,3.9766e-02
5.1880e-02,1.2078e-02,4.0904e-02
5.3703e-02,1.2683e-02,4.2068e-02
5.5590e-02,1.3315e-02,4.3256e-02
5.7544e-02,1.3976e-02,4.4470e-02
5.9566e-02,1.4666e-02,4.5709e-02
6.1660e-02,1.5387e-02,4.6973e-02
6.3826e-02,1.6140e-02,4.8262e-02
6.6069e-02,1.6925e-02,4.9576e-02
6.8391e-02,1.7744e-02,5.0915e-02
7.0795e-02,1.8598e-02,5.2279e-02
7.3282e-02,1.9487e-02,5.3667e-02
7.5858e-02,2.0414e-02,5.5079e-02
7.8524e-02,2.1380e-02,5.6516e-02
8.1283e-02,2.2384e-02,5.7976e-02
8.4140e-02,2.3429e-02,5.9458e-02
8.7096e-02,2.4516e-02,6.0964e-02
9.0157e-02,2.5646e-02,6.2492e-02
9.3325e-02,2.6819e-02,6.4041e-02
9.6605e-02,2.8038e-02,6.5611e-02
1.0000e-01,2.9303e-02,6.7201e-02
1.0351e-01,3.0615e-02,6.8810e-02
1.0715e-01,3.1975e-02,7.0438e-02
1.1092e-01,3.3385e-02,7.2084e-02
1.1482e-01,3.4844e-02,7.3747e-02
1.1885e-01,3.6356e-02,7.5426e-02
1.2303e-01,3.7919e-02,7.7119e-02
1.2735e-01,3.9535e-02,7.8826e-02
1.3183e-01,4.1206e-02,8.0545e-02
1.3646e-01,4.2931e-02,8.2276e-02
1.4125e-01,4.4712e-02,8.4017e-02
1.4622e-01,4.6549e-02,8.5767e-02
1.5136e-01,4.8444e-02,8.7524e-02
1.5668e-01,5.0395e-02,8.9287e-02
1.6218e-01,5.2405e-02,9.1054e-02
1.6788e-01,5.4473e-02,9.2825e-02
1.7378e-01,5.6600e-02,9.4597e-02
1.7989e-01,5.8786e-02,9.6370e-02
1.8621e-01,6.1032e-02,9.8140e-02
1.9275e-01,6.3337e-02,9.9908e-02
1.9953e-01,6.5702e-02,1.0167e-01
2.0654e-01,6.8126e-02,1.0343e-01
2.1380e-01,7.0610e-02,1.0518e-01
2.2131e-01,7.3153e-02,1.0691e-01
2.2909e-01,7.5756e-02,1.0864e-01
2.3714e-01,7.8417e-02,1.1036e-01
2.4547e-01,8.1136e-02,1.1206e-01
2.5410e-01,8.3913e-02,1.1374e-01
2.6303e-01,8.6748e-02,1.1540e-01
2.7227e-01,8.9639e-02,1.1705e-01
2.8184e-01,9.2585e-02,1.1867e-01
2.9174e-01,9.5586e-02,1.2028e-01
3.0200e-01,9.8642e-02,1.2186e-01
3.1261e-01,1.0175e-01,1.2341e-01
3.2359e-01,1.0491e-01,1.2493e-01
3.3497e-01,1.0812e-01,1.2643e-01
3.4674e-01,1.1138e-01,1.2790e-01
3.5892e-01,1.1469e-01,1.2934e-01
3.7154e-01,1.1804e-01,1.3075e-01
3.8459e-01,1.2144e-01,1.3212e-01
3.9811e-01,1.2489e-01,1.3346e-01
4.1210e-01,1.2837e-01,1.3476e-01
4.2658e-01,1.3190e-01,1.3603e-01
4.4157e-01,1.3547e-01,1.3726e-01
4.5709e-01,1.3907e-01,1.3846e-01
4.7315e-01,1.4272e-01,1.3961e-01
4.8978e-01,1.4639e-01,1.4073e-01
5.0699e-01,1.5010e-01,1.4181e-01
5.2481e-01,1.5384e-01,1.4285e-01
5.4325e-01,1.5761e-01,1.4385e-01
5.6234e-01,1.6141e-01,1.4481e-01
5.8210e-01,1.6523e-01,1.4573e-01
6.0256e-01,1.6908e-01,1.4661e-01
6.2373e-01,1.7295e-01,1.4744e-01
6.4565e-01,1.7684e-01,1.4824e-01
6.6834e-01,1.8075e-01,1.4900e-01
6.9183e-01,1.8468e-01,1.4971e-01
7.1614e-01,1.8863e-01,1.5039e-01
7.4131e-01,1.9259e-01,1.5102e-01
7.6736e-01,1.9656e-01,1.5162e-01
7.9433e-01,2.0055e-01,1.5218e-01
8.2224e-01,2.0454e-01,1.5270e-01
8.5114e-01,2.0855e-01,1.5317e-01
8.8105e-01,2.1256e-01,1.5362e-01
9.1201e-01,2.1658e-01,1.5402e-01
9.4406e-01,2.2060e-01,1.5439e-01
9.7724e-01,2.2463e-01,1.5472e-01
1.0116e+00,2.2866e-01,1.5501e-01
1.0471e+00,2.3269e-01,1.5527e-01
1.0839e+00,2.3672e-01,1.5550e-01
1.1220e+00,2.4075e-01,1.5569e-01
1.1614e+00,2.4477e-01,1.5585e-01
1.2023e+00,2.4880e-01,1.5598e-01
1.2445e+00,2.5282e-01,1.5607e-01
1.2882e+00,2.5683e-01,1.5614e-01
1.3335e+00,2.6084e-01,1.5617e-01
1.3804e+00,2.6484e-01,1.5618e-01
1.4289e+00,2.6884e-01,1.5615e-01
1.4791e+00,2.7283e-01,1.5610e-01
1.5311e+00,2.7681e-01,1.5603e-01
1.5849e+00,2.8077e-01,1.5593e-01
1.6406e+00,2.8473e-01,1.5580e-01
1.6982e+00,2.8868e-01,1.5565e-01
1.7579e+00,2.9262e-01,1.5547e-01
1.8197e+00,2.9654e-01,1.5527e-01
1.8836e+00,3.0045e-01,1.5505e-01
1.9498e+00,3.0435e-01,1.5481e-01
2.0184e+00,3.0824e-01,1.5455e-01
2.0893e+00,3.1211e-01,1.5427e-01
2.1627e+00,3.1597e-01,1.5397e-01
2.2387e+00,3.1982e-01,1.5365e-01
2.3174e+00,3.2365e-01,1.5331e-01
2.3988e+00,3.2746e-01,1.5296e-01
2.4831e+00,3.3126e-01,1.5259e-01
2.5704e+00,3.3505e-01,1.5220e-01
2.6607e+00,3.3881e-01,1.5180e-01
2.7542e+00,3.4257e-01,1.5138e-01
2.8510e+00,3.4630e-01,1.5095e-01
2.9512e+00,3.5003e-01,1.5051e-01
3.0549e+00,3.5373e-01,1.5006e-01
3.1623e+00,3.5742e-01,1.4959e-01
3.2734e+00,3.6109e-01,1.4911e-01
3.3884e+00,3.6474e-01,1.4862e-01
3.5075e+00,3.6838e-01,1.4812e-01
3.6308e+00,3.7200e-01,1.4761e-01
3.7584e+00,3.7560e-01,1.4709e-01
3.8905e+00,3.7919e-01,1.4656e-01
4.0272e+00,3.8276e-01,1.4602e-01
4.1687e+00,3.8631e-01,1.4547e-01
4.3152e+00,3.8985e-01,1.4492e-01
4.4668e+00,3.9336e-01,1.4435e-01
4.6238e+00,3.9686e-01,1.4378e-01
4.7863e+00,4.0035e-01,1.4321e-01
4.9545e+00,4.0381e-01,1.4262e-01
5.1286e+00,4.0726e-01,1.4204e-01
5.3088e+00,4.1069e-01,1.4144e-01
5.4954e+00,4.1411e-01,1.4084e-01
5.6885e+00,4.1750e-01,1.4024e-01
5.8884e+00,4.2088e-01,1.3963e-01
6.0954e+00,4.2424e-01,1.3901e-01
6.3096e+00,4.2759e-01,1.3839e-01
6.5313e+00,4.3091e-01,1.3777e-01
6.7608e+00,4.3422e-01,1.3714e-01
6.9984e+00,4.3751e-01,1.3651e-01
7.2444e+00,4.4079e-01,1.3588e-01
7.4989e+00,4.4405e-01,1.3524e-01
7.7625e+00,4.4729e-01,1.3460e-01
8.0353e+00,4.5051e-01,1.3396e-01
8.3176e+00,4.5372e-01,1.3332e-01
8.6099e+00,4.5691e-01,1.3267e-01
8.9125e+00,4.6008e-01,1.3202e-01
9.2257e+00,4.6323e-01,1.3137e-01
9.5499e+00,4.6637e-01,1.3072e-01
9.8855e+00,4.6949e-01,1.3007e-01
1.0233e+01,4.7259e-01,1.2942e-01
1.0593e+01,4.7568e-01,1.2876e-01
1.0965e+01,4.7875e-01,1.2810e-01
1.1350e+01,4.8180e-01,1.2745e-01
1.1749e+01,4.8484e-01,1.2679e-01
1.2162e+01,4.8786e-01,1.2613e-01
1.2589e+01,4.9086e-01,1.2547e-01
1.3032e+01,4.9385e-01,1.2481e-01
1.3490e+01,4.9682e-01,1.2415e-01
1.3964e+01,4.9977e-01,1.2349e-01
1.4454e+01,5.0271e-01,1.2283e-01
1.4962e+01,5.0562e-01,1.2217e-01
1.5488e+01,5.0853e-01,1.2151e-01
1.6032e+01,5.1141e-01,1.2085e-01
1.6596e+01,5.1428e-01,1.2019e-01
1.7179e+01,5.1714e-01,1.1954e-01
1.7783e+01,5.1997e-01,1.1888e-01
1.8408e+01,5.2279e-01,1.1822e-01
1.9055e+01,5.2560e-01,1.1757e-01
1.9724e+01,5.2839e-01,1.1691e-01
2.0417e+01,5.3116e-01,1.1626e-01
2.1135e+01,5.3391e-01,1.1561e-01
2.1878e+01,5.3665e-01,1.1496e-01
2.2646e+01,5.3937e-01,1.1431e-01
2.3442e+01,5.4208e-01,1.1366e-01
2.4266e+01,5.4477e-01,1.1301e-01
2.5119e+01,5.4745e-01,1.1236e-01
2.6002e+01,5.5011e-01,1.1172e-01
2.6915e+01,5.5275e-01,1.1108e-01
2.7861e+01,5.5538e-01,1.1044e-01
2.8840e+01,5.5799e-01,1.0980e-01
2.9854e+01,5.6058e-01,1.0916e-01
3.0903e+01,5.6316e-01,1.0853e-01
3.1989e+01,5.6573e-01,1.0789e-01
3.3113e+01,5.6828e-01,1.0726e-01
3.4277e+01,5.7081e-01,1.0663e-01
3.5481e+01,5.7333e-01,1.0601e-01
3.6728e+01,5.7583e-01,1.0538e-01
3.8019e+01,5.7832e-01,1.0476e-01
3.9355e+01,5.8079e-01,1.0414e-01
4.0738e+01,5.8324e-01,1.0352e-01
4.2170e+01,5.8568e-01,1.0290e-01
4.3652e+01,5.8811e-01,1.0229e-01
4.5186e+01,5.9052e-01,1.0168e-01
4.6774e+01,5.9292e-01,1.0107e-01
4.8417e+01,5.9530e-01,1.0047e-01
5.0119e+01,5.9766e-01,9.9865e-02
5.1880e+01,6.0001e-01,9.9265e-02
5.3703e+01,6.0235e-01,9.8668e-02
5.5590e+01,6.0467e-01,9.8074e-02
5.7544e+01,6.0698e-01,9.7483e-02
5.9566e+01,6.0927e-01,9.6894e-02
6.1660e+01,6.1155e-01,9.6308e-02
6.3826e+01,6.1381e-01,9.5726e-02
6.6069e+01,6.1606e-01,9.5146e-02
6.8391e+01,6.1830e-01,9.4569e-02
7.0795e+01,6.2052e-01,9.3996e-02
7.3282e+01,6.2272e-01,9.3425e-02
7.5858e+01,6.2491e-01,9.2858e-02
7.8524e+01,6.2709e-01,9.2294e-02
8.1283e+01,6.2926e-01,9.1733e-02
8.4140e+01,6.3141e-01,9.1175e-02
8.7096e+01,6.3354e-01,9.0621e-02
9.0157e+01,6.3566e-01,9.0070e-02
9.3325e+01,6.3777e-01,8.9522e-02
9.6605e+01,6.3987e-01,8.8978e-02
1.0000e+02,6.4195e-01,8.8437e-02
1.0351e+02,6.4402e-01,8.7899e-02
1.0715e+02,6.4608e-01,8.7365e-02
1.1092e+02,6.4812e-01,8.6834e-02
1.1482e+02,6.5015e-01,8.6307e-02
1.1885e+02,6.5216e-01,8.5783e-02
1.2303e+02,6.5417e-01,8.5263e-02
1.2735e+02,6.5616e-01,8.4747e-02
1.3183e+02,6.5813e-01,8.4234e-02
1.3646e+02,6.6010e-01,8.3724e-02
1.4125e+02,6.6205e-01,8.3218e-02
1.4622e+02,6.6399e-01,8.2716e-02
1.5136e+02,6.6592e-01,8.2218e-02
1.5668e+02,6.6783e-01,8.1723e-02
1.6218e+02,6.6973e-01,8.1231e-02
1.6788e+02,6.7162e-01,8.0744e-02
1.7378e+02,6.7350e-01,8.0260e-02
1.7989e+02,6.7537e-01,7.9780e-02
1.8621e+02,6.7722e-01,7.9303e-02
1.9275e+02,6.7907e-01,7.8830e-02
1.9953e+02,6.8090e-01,7.8361e-02
2.0654e+02,6.8272e-01,7.7896e-02
2.1380e+02,6.8452e-01,7.7434e-02
2.2131e+02,6.8632e-01,7.6976e-02
2.2909e+02,6.8810e-01,7.6522e-02
2.3714e+02,6.8988e-01,7.6072e-02
2.4547e+02,6.9164e-01,7.5625e-02
2.5410e+02,6.9339e-01,7.5182e-02
2.6303e+02,6.9513e-01,7.4743e-02
2.7227e+02,6.9686e-01,7.4308e-02
2.8184e+02,6.9858e-01,7.3876e-02
2.9174e+02,7.0029e-01,7.3448e-02
3.0200e+02,7.0199e-01,7.3024e-02
3.1261e+02,7.0368e-01,7.2604e-02
3.2359e+02,7.0535e-01,7.2187e-02
3.3497e+02,7.0702e-01,7.1774e-02
3.4674e+02,7.0868e-01,7.1365e-02
3.5892e+02,7.1032e-01,7.0960e-02
3.7154e+02,7.1196e-01,7.0558e-02
3.8459e+02,7.1359e-01,7.0160e-02
3.9811e+02,7.1520e-01,6.9766e-02
4.1210e+02,7.1681e-01,6.9375e-02
4.2658e+02,7.1841e-01,6.8988e-02
4.4157e+02,7.1999e-01,6.8605e-02
4.5709e+02,7.2157e-01,6.8225e-02
4.7315e+02,7.2314e-01,6.7849e-02
4.8978e+02,7.2470e-01,6.7476e-02
5.0699e+02,7.2625e-01,6.7107e-02
5.2481e+02,7.2779e-01,6.6742e-02
5.4325e+02,7.2932e-01,6.6381e-02
5.6234e+02,7.3085e-01,6.6022e-02
5.8210e+02,7.3236e-01,6.5668e-02
6.0256e+02,7.3387e-01,6.5317e-02
6.2373e+02,7.3537e-01,6.4969e-02
6.4565e+02,7.3686e-01,6.4625e-02
6.6834e+02,7.3834e-01,6.4284e-02
6.9183e+02,7.3981e-01,6.3947e-02
7.1614e+02,7.4127e-01,6.3614e-02
7.4131e+02,7.4273e-01,6.3283e-02
7.6736e+02,7.4417e-01,6.2956e-02
7.9433e+02,7.4561e-01,6.2633e-02
8.2224e+02,7.4705e-01,6.2312e-02
8.5114e+02,7.4847e-01,6.1995e-02
8.8105e+02,7.4989e-01,6.1682e-02
9.1201e+02,7.5129e-01,6.1371e-02
9.4406e+02,7.5269e-01,6.1064e-02
9.7724e+02,7.5409e-01,6.0760e-02
1.0116e+03,7.5547e-01,6.0459e-02
1.0471e+03,7.5685e-01,6.0162e-02
1.0839e+03,7.5822e-01,5.9867e-02
1.1220e+03,7.5959e-01,5.9576e-02
1.1614e+03,7.6094e-01,5.9287e-02
1.2023e+03,7.6229e-01,5.9002e-02
1.2445e+03,7.6364e-01,5.8720e-02
1.2882e+03,7.6497e-01,5.8441e-02
1.3335e+03,7.6630e-01,5.8164e-02
1.3804e+03,7.6762e-01,5.7891e-02
1.4289e+03,7.6894e-01,5.7620e-02
1.4791e+03,7.7025e-01,5.7353e-02
1.5311e+03,7.7155e-01,5.7088e-02
1.5849e+03,7.7285e-01,5.6826e-02
1.6406e+03,7.7414e-01,5.6567e-02
1.6982e+03,7.7542e-01,5.6311e-02
1.7579e+03,7.7670e-01,5.6057e-02
1.8197e+03,7.7797e-01,5.5806e-02
1.8836e+03,7.7924e-01,5.5557e-02
1.9498e+03,7.8050e-01,5.5312e-02
2.0184e+03,7.8175e-01,5.5069e-02
2.0893e+03,7.8300e-01,5.4828e-02
2.1627e+03,7.8424e-01,5.4590e-02
2.2387e+03,7.8547e-01,5.4354e-02
2.3174e+03,7.8670e-01,5.4121e-02
2.3988e+03,7.8793e-01,5.3890e-02
2.4831e+03,7.8915e-01,5.3662e-02
2.5704e+03,7.9036e-01,5.3436e-02
2.6607e+03,7.9157e-01,5.3213e-02
2.7542e+03,7.9277e-01,5.2991e-02
2.8510e+03,7.9397e-01,5.2772e-02
2.9512e+03,7.9516e-01,5.2555e-02
3.0549e+03,7.9635e-01,5.2341e-02
3.1623e+03,7.9753e-01,5.2128e-02
3.2734e+03,7.9871e-01,5.1918e-02
3.3884e+03,7.9988e-01,5.1709e-02
3.5075e+03,8.0105e-01,5.1503e-02
3.6308e+03,8.0221e-01,5.1299e-02
3.7584e+03,8.0337e-01,5.1097e-02
3.8905e+03,8.0452e-01,5.0897e-02
4.0272e+03,8.0566e-01,5.0698e-02
4.1687e+03,8.0681e-01,5.0502e-02
4.3152e+03,8.0795e-01,5.0307e-02
4.4668e+03,8.0908e-01,5.0114e-02
4.6238e+03,8.1021e-01,4.9923e-02
4.7863e+03,8.1133e-01,4.9734e-02
4.9545e+03,8.1245e-01,4.9546e-02
5.1286e+03,8.1357e-01,4.9360e-02
5.3088e+03,8.1468e-01,4.9176e-02
5.4954e+03,8.1578e-01,4.8993e-02
5.6885e+03,8.1689e-01,4.8812e-02
5.8884e+03,8.1798e-01,4.8633e-02
6.0954e+03,8.1908e-01,4.8455e-02
6.3096e+03,8.2017e-01,4.8278e-02
6.5313e+03,8.2125e-01,4.8103e-02
6.7608e+03,8.2233e-01,4.7930e-02
6.9984e+03,8.2341e-01,4.7757e-02
7.2444e+03,8.2448e-01,4.7586e-02
7.4989e+03,8.2555e-01,4.7417e-02
7.7625e+03,8.2662e-01,4.7249e-02
8.0353e+03,8.2768e-01,4.7081e-02
8.3176e+03,8.2874e-01,4.6916e-02
8.6099e+03,8.2979e-01,4.6751e-02
8.9125e+03,8.3084e-01,4.6587e-02
9.2257e+03,8.3188e-01,4.6425e-02
9.5499e+03,8.3292e-01,4.6264e-02
9.8855e+03,8.3396e-01,4.6103e-02
1.0233e+04,8.3500e-01,4.5944e-02
1.0593e+04,8.3603e-01,4.5786e-02
1.0965e+04,8.3705e-01,4.5629e-02
1.1350e+04,8.3808e-01,4.5473e-02
1.1749e+04,8.3910e-01,4.5317e-02
1.2162e+04,8.4011e-01,4.5163e-02
1.2589e+04,8.4113e-01,4.5009e-02
1.3032e+04,8.4213e-01,4.4856e-02
1.3490e+04,8.4314e-01,4.4704e-02
1.3964e+04,8.4414e-01,4.4553e-02
1.4454e+04,8.4514e-01,4.4403e-02
1.4962e+04,8.4613e-01,4.4253e-02
1.5488e+04,8.4713e-01,4.4104e-02
1.6032e+04,8.4811e-01,4.3955e-02
1.6596e+04,8.4910e-01,4.3807e-02
1.7179e+04,8.5008e-01,4.3660e-02
1.7783e+04,8.5106e-01,4.3514e-02
1.8408e+04,8.5203e-01,4.3367e-02
1.9055e+04,8.5300e-01,4.3222e-02
1.9724e+04,8.5397e-01,4.3077e-02
2.0417e+04,8.5493e-01,4.2932e-02
2.1135e+04,8.5589e-01,4.2788e-02
2.1878e+04,8.5685e-01,4.2644e-02
2.2646e+04,8.5781e-01,4.2501e-02
2.3442e+04,8.5876e-01,4.2358e-02
2.4266e+04,8.5970e-01,4.2216e-02
2.5119e+04,8.6065e-01,4.2073e-02
2.6002e+04,8.6159e-01,4.1931e-02
2.6915e+04,8.6253e-01,4.1790e-02
2.7861e+04,8.6346e-01,4.1648e-02
2.8840e+04,8.6439e-01,4.1507e-02
2.9854e+04,8.6532e-01,4.1366e-02
3.0903e+04,8.6625e-01,4.1225e-02
3.1989e+04,8.6717e-01,4.1085e-02
3.3113e+04,8.6809e-01,4.0944e-02
3.4277e+04,8.6900e-01,4.0804e-02
3.5481e+04,8.6992e-01,4.0664e-02
3.6728e+04,8.7082e-01,4.0524e-02
3.8019e+04,8.7173e-01,4.0384e-02
3.9355e+04,8.7263e-01,4.0244e-02
4.0738e+04,8.7353e-01,4.0104e-02
4.2170e+04,8.7443e-01,3.9964e-02
4.3652e+04,8.7532e-01,3.9825e-02
4.5186e+04,8.7621e-01,3.9685e-02
4.6774e+04,8.7710e-01,3.9545e-02
4.8417e+04,8.7798e-01,3.9405e-02
5.0119e+04,8.7886e-01,3.9265e-02
5.1880e+04,8.7974e-01,3.9125e-02
5.3703e+04,8.8062e-01,3.8985e-02
5.5590e+04,8.8149e-01,3.8845e-02
5.7544e+04,8.8235e-01,3.8704e-02
5.9566e+04,8.8322e-01,3.8564e-02
6.1660e+04,8.8408e-01,3.8423e-02
6.3826e+04,8.8494e-01,3.8282e-02
6.6069e+04,8.8579e-01,3.8141e-02
6.8391e+04,8.8665e-01,3.8000e-02
7.0795e+04,8.8750e-01,3.7859e-02
7.3282e+04,8.8834e-01,3.7717e-02
7.5858e+04,8.8918e-01,3.7576e-02
7.8524e+04,8.9002e-01,3.7434e-02
8.1283e+04,8.9086e-01,3.7291e-02
8.4140e+04,8.9169e-01,3.7149e-02
8.7096e+04,8.9252e-01,3.7006e-02
9.0157e+04,8.9335e-01,3.6863e-02
9.3325e+04,8.9417e-01,3.6720e-02
9.6605e+04,8.9499e-01,3.6576e-02
1.0000e+05,8.9581e-01,3.6432e-02
1.0351e+05,8.9662e-01,3.6288e-02
1.0715e+05,8.9743e-01,3.6144e-02
1.1092e+05,8.9824e-01,3.5999e-02
1.1482e+05,8.9904e-01,3.5854e-02
1.1885e+05,8.9985e-01,3.5708e-02
1.2303e+05,9.0064e-01,3.5562e-02
1.2735e+05,9.0144e-01,3.5416e-02
1.3183e+05,9.0223e-01,3.5270e-02
1.3646e+05,9.0302e-01,3.5123e-02
1.4125e+05,9.0380e-01,3.4976e-02
1.4622e+05,9.0458e-01,3.4828e-02
1.5136e+05,9.0536e-01,3.4680e-02
1.5668e+05,9.0613e-01,3.4532e-02
1.6218e+05,9.0690e-01,3.4383e-02
1.6788e+05,9.0767e-01,3.4234e-02
1.7378e+05,9.0844e-01,3.4085e-02
1.7989e+05,9.0920e-01,3.3935e-02
1.8621e+05,9.0995e-01,3.3785e-02
1.9275e+05,9.1071e-01,3.3634e-02
1.9953e+05,9.1146e-01,3.3483e-02
2.0654e+05,9.1221e-01,3.3332e-02
2.1380e+05,9.1295e-01,3.3180e-02
2.2131e+05,9.1369e-01,3.3028e-02
2.2909e+05,9.1443e-01,3.2876e-02
2.3714e+05,9.1516e-01,3.2723e-02
2.4547e+05,9.1589e-01,3.2570e-02
2.5410e+05,9.1662e-01,3.2416e-02
2.6303e+05,9.1734e-01,3.2262e-02
2.7227e+05,9.1806e-01,3.2107e-02
2.8184e+05,9.1878e-01,3.1953e-02
2.9174e+05,9.1949e-01,3.1798e-02
3.0200e+05,9.2020e-01,3.1642e-02
3.1261e+05,9.2091e-01,3.1486e-02
3.2359e+05,9.2161e-01,3.1330e-02
3.3497e+05,9.2231e-01,3.1173e-02
3.4674e+05,9.2301e-01,3.1016e-02
3.5892e+05,9.2370e-01,3.0859e-02
3.7154e+05,9.2439e-01,3.0701e-02
3.8459e+05,9.2508e-01,3.0543e-02
3.9811e+05,9.2576e-01,3.0385e-02
4.1210e+05,9.2644e-01,3.0226e-02
4.2658e+05,9.2711e-01,3.0067e-02
4.4157e+05,9.2778e-01,2.9908e-02
4.5709e+05,9.2845e-01,2.9748e-02
4.7315e+05,9.2911e-01,2.9588e-02
4.8978e+05,9.2977e-01,2.9428e-02
5.0699e+05,9.3043e-01,2.9268e-02
5.2481e+05,9.3108e-01,2.9107e-02
5.4325e+05,9.3173e-01,2.8946e-02
5.6234e+05,9.3238e-01,2.8784e-02
5.8210e+05,9.3302e-01,2.8622e-02
6.0256e+05,9.3366e-01,2.8461e-02
6.2373e+05,9.3429e-01,2.8298e-02
6.4565e+05,9.3492e-01,2.8136e-02
6.6834e+05,9.3555e-01,2.7973e-02
6.9183e+05,9.3618e-01,2.7810e-02
7.1614e+05,9.3680e-01,2.7647e-02
7.4131e+05,9.3741e-01,2.7484e-02
7.6736e+05,9.3803e-01,2.7320e-02
7.9433e+05,9.3864e-01,2.7157e-02
8.2224e+05,9.3924e-01,2.6993e-02
8.5114e+05,9.3984e-01,2.6829e-02
8.8105e+05,9.4044e-01,2.6665e-02
9.1201e+05,9.4104e-01,2.6500e-02
9.4406e+05,9.4163e-01,2.6336e-02
9.7724e+05,9.4222e-01,2.6171e-02
1.0116e+06,9.4280e-01,2.6006e-02
1.0471e+06,9.4338e-01,2.5841e-02
1.0839e+06,9.4396e-01,2.5676e-02
1.1220e+06,9.4453e-01,2.5511e-02
1.1614e+06,9.4510e-01,2.5346e-02
1.2023e+06,9.4566e-01,2.5181e-02
1.2445e+06,9.4622e-01,2.5016e-02
1.2882e+06,9.4678e-01,2.4851e-02
1.3335e+06,9.4733e-01,2.4685e-02
1.3804e+06,9.4788e-01,2.4520e-02
1.4289e+06,9.4843e-01,2.4354e-02
1.4791e+06,9.4897e-01,2.4189e-02
1.5311e+06,9.4951e-01,2.4024e-02
1.5849e+06,9.5005e-01,2.3858e-02
1.6406e+06,9.5058e-01,2.3693e-02
1.6982e+06,9.5111e-01,2.3528e-02
1.7579e+06,9.5163e-01,2.3363e-02
1.8197e+06,9.5215e-01,2.3197e-02
1.8836e+06,9.5267e-01,2.3032e-02
1.9498e+06,9.5318e-01,2.2867e-02
2.0184e+06,9.5369e-01,2.2703e-02
2.0893e+06,9.5420e-01,2.2538e-02
2.1627e+06,9.5470e-01,2.2373e-02
2.2387e+06,9.5520e-01,2.2209e-02
2.3174e+06,9.5569e-01,2.2044e-02
2.3988e+06,9.5618e-01,2.1880e-02
2.4831e+06,9.5667e-01,2.1716e-02
2.5704e+06,9.5716e-01,2.1552e-02
2.6607e+06,9.5764e-01,2.1389e-02
2.7542e+06,9.5811e-01,2.1226e-02
2.8510e+06,9.5858e-01,2.1062e-02
2.9512e+06,9.5905e-01,2.0899e-02
3.0549e+06,9.5952e-01,2.0737e-02
3.1623e+06,9.5998e-01,2.0574e-02
3.2734e+06,9.6044e-01,2.0412e-02
3.3884e+06,9.6089e-01,2.0250e-02
3.5075e+06,9.6134e-01,2.0089e-02
3.6308e+06,9.6179e-01,1.9928e-02
3.7584e+06,9.6223e-01,1.9767e-02
3.8905e+06,9.6267e-01,1.9606e-02
4.0272e+06,9.6311e-01,1.9446e-02
4.1687e+06,9.6354e-01,1.9286e-02
4.3152e+06,9.6397e-01,1.9126e-02
4.4668e+06,9.6440e-01,1.8967e-02
4.6238e+06,9.6482e-01,1.8808e-02
4.7863e+06,9.6524e-01,1.8650e-02
4.9545e+06,9.6565e-01,1.8492e-02
5.1286e+06,9.6606e-01,1.8335e-02
5.3088e+06,9.6647e-01,1.8177e-02
5.4954e+06,9.6687e-01,1.8021e-02
5.6885e+06,9.6727e-01,1.7864e-02
5.8884e+06,9.6767e-01,1.7709e-02
6.0954e+06,9.6807e-01,1.7553e-02
6.3096e+06,9.6846e-01,1.7399e-02
6.5313e+06,9.6884e-01,1.7244e-02
6.7608e+06,9.6923e-01,1.7090e-02
6.9984e+06,9.6960e-01,1.6937e-02
7.2444e+06,9.6998e-01,1.6784e-02
7.4989e+06,9.7035e-01,1.6632e-02
7.7625e+06,9.7072e-01,1.6481e-02
8.0353e+06,9.7109e-01,1.6329e-02
8.3176e+06,9.7145e-01,1.6179e-02
8.6099e+06,9.7181e-01,1.6029e-02
8.9125e+06,9.7217e-01,1.5879e-02
9.2257e+06,9.7252e-01,1.5731e-02
9.5499e+06,9.7287e-01,1.5582e-02
9.8855e+06,9.7321e-01,1.5435e-02
1.0233e+07,9.7356e-01,1.5288e-02
1.0593e+07,9.7390e-01,1.5141e-02
1.0965e+07,9.7423e-01,1.4996e-02
1.1350e+07,9.7457e-01,1.4851e-02
1.1749e+07,9.7489e-01,1.4706e-02
1.2162e+07,9.7522e-01,1.4562e-02
1.2589e+07,9.7554e-01,1.4419e-02
1.3032e+07,9.7586e-01,1.4277e-02
1.3490e+07,9.7618e-01,1.4135e-02
1.3964e+07,9.7649e-01,1.3994e-02
1.4454e+07,9.7680e-01,1.3854e-02
1.4962e+07,9.7711e-01,1.3714e-02
1.5488e+07,9.7742e-01,1.3575e-02
1.6032e+07,9.7772e-01,1.3437e-02
1.6596e+07,9.7801e-01,1.3299e-02
1.7179e+07,9.7831e-01,1.3162e-02
1.7783e+07,9.7860e-01,1.3026e-02
1.8408e+07,9.7889e-01,1.2891e-02
1.9055e+07,9.7917e-01,1.2757e-02
1.9724e+07,9.7946e-01,1.2623e-02
2.0417e+07,9.7974e-01,1.2490e-02
2.1135e+07,9.8001e-01,1.2357e-02
2.1878e+07,9.8029e-01,1.2226e-02
2.2646e+07,9.8056e-01,1.2095e-02
2.3442e+07,9.8083e-01,1.1965e-02
2.4266e+07,9.8109e-01,1.1836e-02
2.5119e+07,9.8135e-01,1.1708e-02
2.6002e+07,9.8161e-01,1.1580e-02
2.6915e+07,9.8187e-01,1.1454e-02
2.7861e+07,9.8212e-01,1.1328e-02
2.8840e+07,9.8237e-01,1.1202e-02
2.9854e+07,9.8262e-01,1.1078e-02
3.0903e+07,9.8286e-01,1.0955e-02
3.1989e+07,9.8311e-01,1.0832e-02
3.3113e+07,9.8335e-01,1.0710e-02
3.4277e+07,9.8358e-01,1.0589e-02
3.5481e+07,9.8382e-01,1.0469e-02
3.6728e+07,9.8405e-01,1.0349e-02
3.8019e+07,9.8428e-01,1.0231e-02
3.9355e+07,9.8450e-01,1.0113e-02
4.0738e+07,9.8473e-01,9.9964e-03
4.2170e+07,9.8495e-01,9.8804e-03
4.3652e+07,9.8517e-01,9.7652e-03
4.5186e+07,9.8538e-01,9.6509e-03
4.6774e+07,9.8560e-01,9.5374e-03
4.8417e+07,9.8581e-01,9.4248e-03
5.0119e+07,9.8601e-01,9.3131e-03
5.1880e+07,9.8622e-01,9.2022e-03
5.3703e+07,9.8642e-01,9.0921e-03
5.5590e+07,9.8662e-01,8.9829e-03
5.7544e+07,9.8682e-01,8.8746e-03
5.9566e+07,9.8702e-01,8.7671e-03
6.1660e+07,9.8721e-01,8.6605e-03
6.3826e+07,9.8740e-01,8.5548e-03
6.6069e+07,9.8759e-01,8.4499e-03
6.8391e+07,9.8778e-01,8.3459e-03
7.0795e+07,9.8796e-01,8.2427e-03
7.3282e+07,9.8814e-01,8.1404e-03
7.5858e+07,9.8832e-01,8.0390e-03
7.8524e+07,9.8850e-01,7.9384e-03
8.1283e+07,9.8868e-01,7.8387e-03
8.4140e+07,9.8885e-01,7.7398e-03
8.7096e+07,9.8902e-01,7.6419e-03
9.0157e+07,9.8919e-01,7.5447e-03
9.3325e+07,9.8935e-01,7.4484e-03
9.6605e+07,9.8952e-01,7.3530e-03
1.0000e+08,9.8968e-01,7.2585e-03
1.0351e+08,9.8984e-01,7.1648e-03
1.0715e+08,9.9000e-01,7.0719e-03
1.1092e+08,9.9015e-01,6.9799e-03
1.1482e+08,9.9031e-01,6.8888e-03
1.1885e+08,9.9046e-01,6.7985e-03
1.2303e+08,9.9061e-01,6.7090e-03
1.2735e+08,9.9076e-01,6.6204e-03
1.3183e+08,9.9090e-01,6.5326e-03
1.3646e+08,9.9105e-01,6.4457e-03
1.4125e+08,9.9119e-01,6.3596e-03
1.4622e+08,9.9133e-01,6.2744e-03
1.5136e+08,9.9147e-01,6.1900e-03
1.5668e+08,9.9160e-01,6.1064e-03
1.6218e+08,9.9174e-01,6.0237e-03
1.6788e+08,9.9187e-01,5.9417e-03
1.7378e+08,9.9200e-01,5.8606e-03
1.7989e+08,9.9213e-01,5.7804e-03
1.8621e+08,9.9226e-01,5.7009e-03
1.9275e+08,9.9238e-01,5.6223e-03
1.9953e+08,9.9251e-01,5.5444e-03
2.0654e+08,9.9263e-01,5.4674e-03
2.1380e+08,9.9275e-01,5.3912e-03
2.2131e+08,9.9287e-01,5.3157e-03
2.2909e+08,9.9298e-01,5.2411e-03
2.3714e+08,9.9310e-01,5.1673e-03
2.4547e+08,9.9321e-01,5.0942e-03
2.5410e+08,9.9332e-01,5.0220e-03
2.6303e+08,9.9343e-01,4.9505e-03
2.7227e+08,9.9354e-01,4.8798e-03
2.8184e+08,9.9365e-01,4.8099e-03
2.9174e+08,9.9376e-01,4.7408e-03
3.0200e+08,9.9386e-01,4.6724e-03
3.1261e+08,9.9396e-01,4.6048e-03
3.2359e+08,9.9406e-01,4.5379e-03
3.3497e+08,9.9416e-01,4.4718e-03
3.4674e+08,9.9426e-01,4.4065e-03
3.5892e+08,9.9436e-01,4.3419e-03
3.7154e+08,9.9445e-01,4.2780e-03
3.8459e+08,9.9455e-01,4.2149e-03
3.9811e+08,9.9464e-01,4.1525e-03
4.1210e+08,9.9473e-01,4.0908e-03
4.2658e+08,9.9482e-01,4.0298e-03
4.4157e+08,9.9491e-01,3.9696e-03
4.5709e+08,9.9500e-01,3.9101e-03
4.7315e+08,9.9508e-01,3.8513e-03
4.8978e+08,9.9517e-01,3.7932e-03
5.0699e+08,9.9525e-01,3.7358e-03
5.2481e+08,9.9533e-01,3.6791e-03
5.4325e+08,9.9541e-01,3.6231e-03
5.6234e+08,9.9549e-01,3.5677e-03
5.8210e+08,9.9557e-01,3.5131e-03
6.0256e+08,9.9565e-01,3.4591e-03
6.2373e+08,9.9572e-01,3.4058e-03
6.4565e+08,9.9580e-01,3.3531e-03
6.6834e+08,9.9587e-01,3.3012e-03
6.9183e+08,9.9594e-01,3.2498e-03
7.1614e+08,9.9602e-01,3.1991e-03
7.4131e+08,9.9609e-01,3.1491e-03
7.6736e+08,9.9615e-01,3.0997e-03
7.9433e+08,9.9622e-01,3.0509e-03
8.2224e+08,9.9629e-01,3.0028e-03
8.5114e+08,9.9636e-01,2.9553e-03
8.8105e+08,9.9642e-01,2.9084e-03
9.1201e+08,9.9648e-01,2.8621e-03
9.4406e+08,9.9655e-01,2.8164e-03
9.7724e+08,9.9661e-01,2.7714e-03
1.0116e+09,9.9667e-01,2.7269e-03
1.0471e+09,9.9673e-01,2.6830e-03
1.0839e+09,9.9679e-01,2.6397e-03
1.1220e+09,9.9684e-01,2.5970e-03
1.1614e+09,9.9690e-01,2.5548e-03
1.2023e+09,9.9696e-01,2.5133e-03
1.2445e+09,9.9701e-01,2.4722e-03
1.2882e+09,9.9707e-01,2.4318e-03
1.3335e+09,9.9712e-01,2.3919e-03
1.3804e+09,9.9717e-01,2.3526e-03
1.4289e+09,9.9722e-01,2.3138e-03
1.4791e+09,9.9727e-01,2.2755e-03
1.5311e+09,9.9732e-01,2.2378e-03
1.5849e+09,9.9737e-01,2.2006e-03
1.6406e+09,9.9742e-01,2.1639e-03
1.6982e+09,9.9747e-01,2.1278e-03
1.7579e+09,9.9752e-01,2.0921e-03
1.8197e+09,9.9756e-01,2.0570e-03
1.8836e+09,9.9761e-01,2.0223e-03
1.9498e+09,9.9765e-01,1.9882e-03
2.0184e+09,9.9769e-01,1.9546e-03
2.0893e+09,9.9774e-01,1.9214e-03
2.1627e+09,9.9778e-01,1.8887e-03
2.2387e+09,9.9782e-01,1.8565e-03
2.3174e+09,9.9786e-01,1.8248e-03
2.3988e+09,9.9790e-01,1.7935e-03
2.4831e+09,9.9794e-01,1.7627e-03
2.5704e+09,9.9798e-01,1.7324e-03
2.6607e+09,9.9802e-01,1.7025e-03
2.7542e+09,9.9805e-01,1.6730e-03
2.8510e+09,9.9809e-01,1.6440e-03
2.9512e+09,9.9813e-01,1.6154e-03
3.0549e+09,9.9816e-01,1.5873e-03
3.1623e+09,9.9820e-01,1.5595e-03
3.2734e+09,9.9823e-01,1.5322e-03
3.3884e+09,9.9826e-01,1.5054e-03
3.5075e+09,9.9830e-01,1.4789e-03
3.6308e+09,9.9833e-01,1.4528e-03
3.7584e+09,9.9836e-01,1.4272e-03
3.8905e+09,9.9839e-01,1.4019e-03
4.0272e+09,9.9842e-01,1.3770e-03
4.1687e+09,9.9845e-01,1.3525e-03
4.3152e+09,9.9848e-01,1.3284e-03
4.4668e+09,9.9851e-01,1.3047e-03
4.6238e+09,9.9854e-01,1.2813e-03
4.7863e+09,9.9857e-01,1.2583e-03
4.9545e+09,9.9859e-01,1.2357e-03
5.1286e+09,9.9862e-01,1.2135e-03
5.3088e+09,9.9865e-01,1.1915e-03
5.4954e+09,9.9867e-01,1.1700e-03
5.6885e+09,9.9870e-01,1.1488e-03
5.8884e+09,9.9872e-01,1.1279e-03
6.0954e+09,9.9875e-01,1.1074e-03
6.3096e+09,9.9877e-01,1.0872e-03
6.5313e+09,9.9880e-01,1.0673e-03
6.7608e+09,9.9882e-01,1.0477e-03
6.9984e+09,9.9884e-01,1.0285e-03
7.2444e+09,9.9887e-01,1.0096e-03
7.4989e+09,9.9889e-01,9.9097e-04
7.7625e+09,9.9891e-01,9.7267e-04
8.0353e+09,9.9893e-01,9.5467e-04
8.3176e+09,9.9895e-01,9.3698e-04
8.6099e+09,9.9897e-01,9.1957e-04
8.9125e+09,9.9899e-01,9.0246e-04
9.2257e+09,9.9901e-01,8.8564e-04
9.5499e+09,9.9903e-01,8.6910e-04
9.8855e+09,9.9905e-01,8.5283e-04
1.0233e+10,9.9907e-01,8.3684e-04
1.0593e+10,9.9909e-01,8.2113e-04
1.0965e+10,9.9910e-01,8.0568e-04
1.1350e+10,9.9912e-01,7.9049e-04
1.1749e+10,9.9914e-01,7.7556e-04
1.2162e+10,9.9916e-01,7.6089e-04
1.2589e+10,9.9917e-01,7.4647e-04
1.3032e+10,9.9919e-01,7.3230e-04
1.3490e+10,9.9921e-01,7.1838e-04
1.3964e+10,9.9922e-01,7.0470e-04
1.4454e+10,9.9924e-01,6.9125e-04
1.4962e+10,9.9925e-01,6.7804e-04
1.5488e+10,9.9927e-01,6.6506e-04
1.6032e+10,9.9928e-01,6.5231e-04
1.6596e+10,9.9929e-01,6.3978e-04
1.7179e+10,9.9931e-01,6.2747e-04
1.7783e+10,9.9932e-01,6.1538e-04
1.8408e+10,9.9934e-01,6.0351e-04
1.9055e+10,9.9935e-01,5.9185e-04
1.9724e+10,9.9936e-01,5.8039e-04
2.0417e+10,9.9937e-01,5.6914e-04
2.1135e+10,9.9939e-01,5.5809e-04
2.1878e+10,9.9940e-01,5.4724e-04
2.2646e+10,9.9941e-01,5.3658e-04
2.3442e+10,9.9942e-01,5.2612e-04
2.4266e+10,9.9943e-01,5.1584e-04
2.5119e+10,9.9945e-01,5.0576e-04
2.6002e+10,9.9946e-01,4.9585e-04
2.6915e+10,9.9947e-01,4.8613e-04
2.7861e+10,9.9948e-01,4.7658e-04
2.8840e+10,9.9949e-01,4.6721e-04
2.9854e+10,9.9950e-01,4.5801e-04
3.0903e+10,9.9951e-01,4.4898e-04
3.1989e+10,9.9952e-01,4.4012e-04
3.3113e+10,9.9953e-01,4.3142e-04
3.4277e+10,9.9954e-01,4.2288e-04
3.5481e+10,9.9955e-01,4.1450e-04
3.6728e+10,9.9956e-01,4.0628e-04
3.8019e+10,9.9956e-01,3.9821e-04
3.9355e+10,9.9957e-01,3.9029e-04
4.0738e+10,9.9958e-01,3.8252e-04
4.2170e+10,9.9959e-01,3.7489e-04
4.3652e+10,9.9960e-01,3.6741e-04
4.5186e+10,9.9961e-01,3.6007e-04
4.6774e+10,9.9961e-01,3.5287e-04
4.8417e+10,9.9962e-01,3.4581e-04
5.0119e+10,9.9963e-01,3.3888e-04
5.1880e+10,9.9964e-01,3.3208e-04
5.3703e+10,9.9964e-01,3.2541e-04
5.5590e+10,9.9965e-01,3.1887e-04
5.7544e+10,9.9966e-01,3.1245e-04
5.9566e+10,9.9966e-01,3.0616e-04
6.1660e+10,9.9967e-01,2.9999e-04
6.3826e+10,9.9968e-01,2.9394e-04
6.6069e+10,9.9968e-01,2.8800e-04
6.8391e+10,9.9969e-01,2.8218e-04
7.0795e+10,9.9970e-01,2.7647e-04
7.3282e+10,9.9970e-01,2.7088e-04
7.5858e+10,9.9971e-01,2.6539e-04
7.8524e+10,9.9971e-01,2.6001e-04
8.1283e+10,9.9972e-01,2.5473e-04
8.4140e+10,9.9973e-01,2.4956e-04
8.7096e+10,9.9973e-01,2.4449e-04
9.0157e+10,9.9974e-01,2.3952e-04
9.3325e+10,9.9974e-01,2.3465e-04
9.6605e+10,9.9975e-01,2.2987e-04
1.0000e+11,9.9975e-01,2.2519e-04
