   f   ,G_stor ,G_loss 
  Hz   ,  GPa  ,  GPa  
1.0000e-04,5.8554e-07,9.9652e-05
1.0351e-04,6.1929e-07,1.0315e-04
1.0715e-04,6.5500e-07,1.0676e-04
1.1092e-04,6.9276e-07,1.1051e-04
1.1482e-04,7.3269e-07,1.1438e-04
1.1885e-04,7.7493e-07,1.1839e-04
1.2303e-04,8.1961e-07,1.2254e-04
1.2735e-04,8.6685e-07,1.2684e-04
1.3183e-04,9.1683e-07,1.3128e-04
1.3646e-04,9.6968e-07,1.3588e-04
1.4125e-04,1.0256e-06,1.4064e-04
1.4622e-04,1.0847e-06,1.4557e-04
1.5136e-04,1.1472e-06,1.5067e-04
1.5668e-04,1.2134e-06,1.5595e-04
1.6218e-04,1.2833e-06,1.6142e-04
1.6788e-04,1.3573e-06,1.6707e-04
1.7378e-04,1.4355e-06,1.7293e-04
1.7989e-04,1.5183e-06,1.7898e-04
1.8621e-04,1.6058e-06,1.8525e-04
1.9275e-04,1.6983e-06,1.9174e-04
1.9953e-04,1.7962e-06,1.9846e-04
2.0654e-04,1.8998e-06,2.0541e-04
2.1380e-04,2.0093e-06,2.1260e-04
2.2131e-04,2.1251e-06,2.2005e-04
2.2909e-04,2.2476e-06,2.2775e-04
2.3714e-04,2.3771e-06,2.3572e-04
2.4547e-04,2.5141e-06,2.4397e-04
2.5410e-04,2.6590e-06,2.5251e-04
2.6303e-04,2.8122e-06,2.6135e-04
2.7227e-04,2.9743e-06,2.7050e-04
2.8184e-04,3.1457e-06,2.7996e-04
2.9174e-04,3.3270e-06,2.8976e-04
3.0200e-04,3.5187e-06,2.9990e-04
3.1261e-04,3.7215e-06,3.1039e-04
3.2359e-04,3.9359e-06,3.2125e-04
3.3497e-04,4.1627e-06,3.3248e-04
3.4674e-04,4.4025e-06,3.4411e-04
3.5892e-04,4.6562e-06,3.5614e-04
3.7154e-04,4.9244e-06,3.6860e-04
3.8459e-04,5.2081e-06,3.8148e-04
3.9811e-04,5.5081e-06,3.9482e-04
4.1210e-04,5.8254e-06,4.0862e-04
4.2658e-04,6.1610e-06,4.2290e-04
4.4157e-04,6.5158e-06,4.3768e-04
4.5709e-04,6.8911e-06,4.5297e-04
4.7315e-04,7.2880e-06,4.6879e-04
4.8978e-04,7.7077e-06,4.8517e-04
5.0699e-04,8.1516e-06,5.0211e-04
5.2481e-04,8.6210e-06,5.1965e-04
5.4325e-04,9.1173e-06,5.3779e-04
5.6234e-04,9.6423e-06,5.5656e-04
5.8210e-04,1.0197e-05,5.7599e-04
6.0256e-04,1.0784e-05,5.9609e-04
6.2373e-04,1.1405e-05,6.1689e-04
6.4565e-04,1.2062e-05,6.3842e-04
6.6834e-04,1.2756e-05,6.6069e-04
6.9183e-04,1.3490e-05,6.8373e-04
7.1614e-04,1.4266e-05,7.0757e-04
7.4131e-04,1.5087e-05,7.3224e-04
7.6736e-04,1.5955e-05,7.5776e-04
7.9433e-04,1.6873e-05,7.8417e-04
8.2224e-04,1.7843e-05,8.1150e-04
8.5114e-04,1.8870e-05,8.3977e-04
8.8105e-04,1.9955e-05,8.6902e-04
9.1201e-04,2.1102e-05,8.9928e-04
9.4406e-04,2.2316e-05,9.3059e-04
9.7724e-04,2.3599e-05,9.6298e-04
1.0116e-03,2.4955e-05,9.9650e-04
1.0471e-03,2.6390e-05,1.0312e-03
1.0839e-03,2.7906e-05,1.0670e-03
1.1220e-03,2.9510e-05,1.1041e-03
1.1614e-03,3.1205e-05,1.1425e-03
1.2023e-03,3.2998e-05,1.1822e-03
1.2445e-03,3.4893e-05,1.2233e-03
1.2882e-03,3.6897e-05,1.2658e-03
1.3335e-03,3.9015e-05,1.3098e-03
1.3804e-03,4.1255e-05,1.3553e-03
1.4289e-03,4.3623e-05,1.4023e-03
1.4791e-03,4.6126e-05,1.4510e-03
1.5311e-03,4.8773e-05,1.5013e-03
1.5849e-03,5.1571e-05,1.5534e-03
1.6406e-03,5.4529e-05,1.6072e-03
1.6982e-03,5.7656e-05,1.6630e-03
1.7579e-03,6.0961e-05,1.7206e-03
1.8197e-03,6.4456e-05,1.7802e-03
1.8836e-03,6.8149e-05,1.8418e-03
1.9498e-03,7.2054e-05,1.9056e-03
2.0184e-03,7.6181e-05,1.9715e-03
2.0893e-03,8.0544e-05,2.0397e-03
2.1627e-03,8.5155e-05,2.1102e-03
2.2387e-03,9.0029e-05,2.1831e-03
2.3174e-03,9.5181e-05,2.2585e-03
2.3988e-03,1.0063e-04,2.3365e-03
2.4831e-03,1.0638e-04,2.4172e-03
2.5704e-03,1.1246e-04,2.5006e-03
2.6607e-03,1.1889e-04,2.5868e-03
2.7542e-03,1.2568e-04,2.6760e-03
2.8510e-03,1.3286e-04,2.7682e-03
2.9512e-03,1.4045e-04,2.8635e-03
3.0549e-03,1.4847e-04,2.9620e-03
3.1623e-03,1.5694e-04,3.0639e-03
3.2734e-03,1.6589e-04,3.1693e-03
3.3884e-03,1.7535e-04,3.2782e-03
3.5075e-03,1.8534e-04,3.3908e-03
3.6308e-03,1.9590e-04,3.5072e-03
3.7584e-03,2.0706e-04,3.6275e-03
3.8905e-03,2.1885e-04,3.7518e-03
4.0272e-03,2.3130e-04,3.8804e-03
4.1687e-03,2.4445e-04,4.0133e-03
4.3152e-03,2.5835e-04,4.1506e-03
4.4668e-03,2.7303e-04,4.2925e-03
4.6238e-03,2.8854e-04,4.4392e-03
4.7863e-03,3.0492e-04,4.5908e-03
4.9545e-03,3.2221e-04,4.7474e-03
5.1286e-03,3.4048e-04,4.9093e-03
5.3088e-03,3.5978e-04,5.0766e-03
5.4954e-03,3.8016e-04,5.2494e-03
5.6885e-03,4.0168e-04,5.4279e-03
5.8884e-03,4.2440e-04,5.6124e-03
6.0954e-03,4.4839e-04,5.8030e-03
6.3096e-03,4.7372e-04,5.9998e-03
6.5313e-03,5.0047e-04,6.2032e-03
6.7608e-03,5.2871e-04,6.4132e-03
6.9984e-03,5.5851e-04,6.6302e-03
7.2444e-03,5.8998e-04,6.8542e-03
7.4989e-03,6.2319e-04,7.0856e-03
7.7625e-03,6.5825e-04,7.3246e-03
8.0353e-03,6.9524e-04,7.5713e-03
8.3176e-03,7.3429e-04,7.8260e-03
8.6099e-03,7.7549e-04,8.0891e-03
8.9125e-03,8.1896e-04,8.3606e-03
9.2257e-03,8.6483e-04,8.6409e-03
9.5499e-03,9.1322e-04,8.9302e-03
9.8855e-03,9.6428e-04,9.2288e-03
1.0233e-02,1.0181e-03,9.5370e-03
1.0593e-02,1.0749e-03,9.8550e-03
1.0965e-02,1.1348e-03,1.0183e-02
1.1350e-02,1.1980e-03,1.0522e-02
1.1749e-02,1.2646e-03,1.0871e-02
1.2162e-02,1.3349e-03,1.1231e-02
1.2589e-02,1.4089e-03,1.1603e-02
1.3032e-02,1.4870e-03,1.1986e-02
1.3490e-02,1.5692e-03,1.2382e-02
1.3964e-02,1.6560e-03,1.2789e-02
1.4454e-02,1.7474e-03,1.3210e-02
1.4962e-02,1.8436e-03,1.3643e-02
1.5488e-02,1.9451e-03,1.4089e-02
1.6032e-02,2.0520e-03,1.4550e-02
1.6596e-02,2.1646e-03,1.5024e-02
1.7179e-02,2.2831e-03,1.5513e-02
1.7783e-02,2.4080e-03,1.6016e-02
1.8408e-02,2.5395e-03,1.6535e-02
1.9055e-02,2.6779e-03,1.7069e-02
1.9724e-02,2.8235e-03,1.7619e-02
2.0417e-02,2.9769e-03,1.8185e-02
2.1135e-02,3.1382e-03,1.8769e-02
2.1878e-02,3.3080e-03,1.9369e-02
2.2646e-02,3.4866e-03,1.9986e-02
2.3442e-02,3.6744e-03,2.0622e-02
2.4266e-02,3.8719e-03,2.1276e-02
2.5119e-02,4.0796e-03,2.1948e-02
2.6002e-02,4.2979e-03,2.2640e-02
2.6915e-02,4.5274e-03,2.3351e-02
2.7861e-02,4.7685e-03,2.4082e-02
2.8840e-02,5.0219e-03,2.4833e-02
2.9854e-02,5.2880e-03,2.5605e-02
3.0903e-02,5.5675e-03,2.6398e-02
3.1989e-02,5.8610e-03,2.7212e-02
3.3113e-02,6.1690e-03,2.8048e-02
3.4277e-02,6.4923e-03,2.8907e-02
3.5481e-02,6.8316e-03,2.9788e-02
3.6728e-02,7.1874e-03,3.0692e-02
3.8019e-02,7.5607e-03,3.1619e-02
3.9355e-02,7.9520e-03,3.2570e-02
4.0738e-02,8.3622e-03,3.3545e-02
4.2170e-02,8.7920e-03,3.4544e-02
4.3652e-02,9.2424e-03,3.5568e-02
4.5186e-02,9.7140e-03,3.6616e-02
4.6774e-02,1.0208e-02,3.7690e-02
4.8417e-02,1.0725e-02,3.8788e-02
5.0119e-02,1.1266e-02,3.9913e-02
5.1880e-02,1.1832e-02,4.1063e-02
5.3703e-02,1.2423e-02,4.2239e-02
5.5590e-02,1.3042e-02,4.3441e-02
5.7544e-02,1.3689e-02,4.4670e-02
5.9566e-02,1.4364e-02,4.5924e-02
6.1660e-02,1.5070e-02,4.7205e-02
6.3826e-02,1.5806e-02,4.8512e-02
6.6069e-02,1.6575e-02,4.9846e-02
6.8391e-02,1.7376e-02,5.1205e-02
7.0795e-02,1.8213e-02,5.2591e-02
7.3282e-02,1.9084e-02,5.4003e-02
7.5858e-02,1.9992e-02,5.5441e-02
7.8524e-02,2.0938e-02,5.6904e-02
8.1283e-02,2.1923e-02,5.8392e-02
8.4140e-02,2.2947e-02,5.9906e-02
8.7096e-02,2.4013e-02,6.1444e-02
9.0157e-02,2.5121e-02,6.3006e-02
9.3325e-02,2.6273e-02,6.4592e-02
9.6605e-02,2.7470e-02,6.6202e-02
1.0000e-01,2.8712e-02,6.7833e-02
1.0351e-01,3.0001e-02,6.9487e-02
1.0715e-01,3.1338e-02,7.1162e-02
1.1092e-01,3.2724e-02,7.2857e-02
1.1482e-01,3.4161e-02,7.4573e-02
1.1885e-01,3.5649e-02,7.6307e-02
1.2303e-01,3.7189e-02,7.8058e-02
1.2735e-01,3.8782e-02,7.9827e-02
1.3183e-01,4.0430e-02,8.1612e-02
1.3646e-01,4.2133e-02,8.3411e-02
1.4125e-01,4.3891e-02,8.5225e-02
1.4622e-01,4.5707e-02,8.7050e-02
1.5136e-01,4.7581e-02,8.8887e-02
1.5668e-01,4.9512e-02,9.0734e-02
1.6218e-01,5.1503e-02,9.2589e-02
1.6788e-01,5.3554e-02,9.4452e-02
1.7378e-01,5.5665e-02,9.6320e-02
1.7989e-01,5.7836e-02,9.8193e-02
1.8621e-01,6.0069e-02,1.0007e-01
1.9275e-01,6.2363e-02,1.0195e-01
1.9953e-01,6.4718e-02,1.0382e-01
2.0654e-01,6.7136e-02,1.0570e-01
2.1380e-01,6.9616e-02,1.0757e-01
2.2131e-01,7.2157e-02,1.0943e-01
2.2909e-01,7.4761e-02,1.1129e-01
2.3714e-01,7.7426e-02,1.1315e-01
2.4547e-01,8.0154e-02,1.1499e-01
2.5410e-01,8.2942e-02,1.1682e-01
2.6303e-01,8.5792e-02,1.1863e-01
2.7227e-01,8.8702e-02,1.2044e-01
2.8184e-01,9.1672e-02,1.2222e-01
2.9174e-01,9.4701e-02,1.2399e-01
3.0200e-01,9.7789e-02,1.2574e-01
3.1261e-01,1.0093e-01,1.2747e-01
3.2359e-01,1.0414e-01,1.2917e-01
3.3497e-01,1.0740e-01,1.3085e-01
3.4674e-01,1.1071e-01,1.3251e-01
3.5892e-01,1.1408e-01,1.3414e-01
3.7154e-01,1.1750e-01,1.3574e-01
3.8459e-01,1.2097e-01,1.3731e-01
3.9811e-01,1.2449e-01,1.3886e-01
4.1210e-01,1.2807e-01,1.4037e-01
4.2658e-01,1.3169e-01,1.4185e-01
4.4157e-01,1.3535e-01,1.4329e-01
4.5709e-01,1.3906e-01,1.4470e-01
4.7315e-01,1.4282e-01,1.4608e-01
4.8978e-01,1.4661e-01,1.4742e-01
5.0699e-01,1.5045e-01,1.4872e-01
5.2481e-01,1.5433e-01,1.4999e-01
5.4325e-01,1.5824e-01,1.5122e-01
5.6234e-01,1.6219e-01,1.5241e-01
5.8210e-01,1.6617e-01,1.5356e-01
6.0256e-01,1.7019e-01,1.5467e-01
6.2373e-01,1.7423e-01,1.5574e-01
6.4565e-01,1.7831e-01,1.5677e-01
6.6834e-01,1.8241e-01,1.5776e-01
6.9183e-01,1.8654e-01,1.5872e-01
7.1614e-01,1.9069e-01,1.5963e-01
7.4131e-01,1.9487e-01,1.6050e-01
7.6736e-01,1.9906e-01,1.6133e-01
7.9433e-01,2.0328e-01,1.6213e-01
8.2224e-01,2.0752e-01,1.6288e-01
8.5114e-01,2.1177e-01,1.6359e-01
8.8105e-01,2.1604e-01,1.6427e-01
9.1201e-01,2.2032e-01,1.6490e-01
9.4406e-01,2.2461e-01,1.6550e-01
9.7724e-01,2.2892e-01,1.6606e-01
1.0116e+00,2.3323e-01,1.6658e-01
1.0471e+00,2.3756e-01,1.6706e-01
1.0839e+00,2.4189e-01,1.6751e-01
1.1220e+00,2.4623e-01,1.6792e-01
1.1614e+00,2.5057e-01,1.6830e-01
1.2023e+00,2.5491e-01,1.6864e-01
1.2445e+00,2.5926e-01,1.6895e-01
1.2882e+00,2.6361e-01,1.6922e-01
1.3335e+00,2.6797e-01,1.6947e-01
1.3804e+00,2.7232e-01,1.6968e-01
1.4289e+00,2.7667e-01,1.6985e-01
1.4791e+00,2.8102e-01,1.7000e-01
1.5311e+00,2.8536e-01,1.7012e-01
1.5849e+00,2.8970e-01,1.7020e-01
1.6406e+00,2.9404e-01,1.7026e-01
1.6982e+00,2.9837e-01,1.7029e-01
1.7579e+00,3.0270e-01,1.7030e-01
1.8197e+00,3.0702e-01,1.7027e-01
1.8836e+00,3.1133e-01,1.7022e-01
1.9498e+00,3.1564e-01,1.7015e-01
2.0184e+00,3.1993e-01,1.7005e-01
2.0893e+00,3.2422e-01,1.6993e-01
2.1627e+00,3.2850e-01,1.6978e-01
2.2387e+00,3.3276e-01,1.6961e-01
2.3174e+00,3.3702e-01,1.6942e-01
2.3988e+00,3.4127e-01,1.6921e-01
2.4831e+00,3.4550e-01,1.6898e-01
2.5704e+00,3.4973e-01,1.6873e-01
2.6607e+00,3.5394e-01,1.6846e-01
2.7542e+00,3.5814e-01,1.6817e-01
2.8510e+00,3.6232e-01,1.6786e-01
2.9512e+00,3.6650e-01,1.6754e-01
3.0549e+00,3.7066e-01,1.6719e-01
3.1623e+00,3.7480e-01,1.6683e-01
3.2734e+00,3.7893e-01,1.6646e-01
3.3884e+00,3.8305e-01,1.6607e-01
3.5075e+00,3.8716e-01,1.6567e-01
3.6308e+00,3.9125e-01,1.6525e-01
3.7584e+00,3.9532e-01,1.6482e-01
3.8905e+00,3.9938e-01,1.6437e-01
4.0272e+00,4.0343e-01,1.6391e-01
4.1687e+00,4.0746e-01,1.6344e-01
4.3152e+00,4.1147e-01,1.6296e-01
4.4668e+00,4.1547e-01,1.6246e-01
4.6238e+00,4.1945e-01,1.6196e-01
4.7863e+00,4.2342e-01,1.6144e-01
4.9545e+00,4.2737e-01,1.6091e-01
5.1286e+00,4.3130e-01,1.6038e-01
5.3088e+00,4.3522e-01,1.5983e-01
5.4954e+00,4.3912e-01,1.5927e-01
5.6885e+00,4.4301e-01,1.5871e-01
5.8884e+00,4.4688e-01,1.5813e-01
6.0954e+00,4.5073e-01,1.5755e-01
6.3096e+00,4.5457e-01,1.5696e-01
6.5313e+00,4.5839e-01,1.5636e-01
6.7608e+00,4.6219e-01,1.5576e-01
6.9984e+00,4.6597e-01,1.5514e-01
7.2444e+00,4.6974e-01,1.5452e-01
7.4989e+00,4.7349e-01,1.5390e-01
7.7625e+00,4.7723e-01,1.5327e-01
8.0353e+00,4.8094e-01,1.5263e-01
8.3176e+00,4.8464e-01,1.5198e-01
8.6099e+00,4.8832e-01,1.5133e-01
8.9125e+00,4.9199e-01,1.5068e-01
9.2257e+00,4.9564e-01,1.5001e-01
9.5499e+00,4.9926e-01,1.4935e-01
9.8855e+00,5.0288e-01,1.4868e-01
1.0233e+01,5.0647e-01,1.4800e-01
1.0593e+01,5.1005e-01,1.4732e-01
1.0965e+01,5.1361e-01,1.4663e-01
1.1350e+01,5.1715e-01,1.4595e-01
1.1749e+01,5.2067e-01,1.4525e-01
1.2162e+01,5.2417e-01,1.4456e-01
1.2589e+01,5.2766e-01,1.4386e-01
1.3032e+01,5.3113e-01,1.4315e-01
1.3490e+01,5.3458e-01,1.4245e-01
1.3964e+01,5.3802e-01,1.4174e-01
1.4454e+01,5.4143e-01,1.4102e-01
1.4962e+01,5.4483e-01,1.4031e-01
1.5488e+01,5.4821e-01,1.3959e-01
1.6032e+01,5.5157e-01,1.3887e-01
1.6596e+01,5.5491e-01,1.3814e-01
1.7179e+01,5.5823e-01,1.3742e-01
1.7783e+01,5.6154e-01,1.3669e-01
1.8408e+01,5.6483e-01,1.3596e-01
1.9055e+01,5.6809e-01,1.3523e-01
1.9724e+01,5.7134e-01,1.3450e-01
2.0417e+01,5.7458e-01,1.3376e-01
2.1135e+01,5.7779e-01,1.3302e-01
2.1878e+01,5.8098e-01,1.3229e-01
2.2646e+01,5.8416e-01,1.3155e-01
2.3442e+01,5.8732e-01,1.3081e-01
2.4266e+01,5.9046e-01,1.3006e-01
2.5119e+01,5.9358e-01,1.2932e-01
2.6002e+01,5.9668e-01,1.2858e-01
2.6915e+01,5.9976e-01,1.2783e-01
2.7861e+01,6.0283e-01,1.2709e-01
2.8840e+01,6.0588e-01,1.2635e-01
2.9854e+01,6.0890e-01,1.2560e-01
3.0903e+01,6.1191e-01,1.2485e-01
3.1989e+01,6.1490e-01,1.2411e-01
3.3113e+01,6.1788e-01,1.2336e-01
3.4277e+01,6.2083e-01,1.2262e-01
3.5481e+01,6.2376e-01,1.2187e-01
3.6728e+01,6.2668e-01,1.2112e-01
3.8019e+01,6.2958e-01,1.2038e-01
3.9355e+01,6.3245e-01,1.1963e-01
4.0738e+01,6.3531e-01,1.1889e-01
4.2170e+01,6.3816e-01,1.1815e-01
4.3652e+01,6.4098e-01,1.1740e-01
4.5186e+01,6.4378e-01,1.1666e-01
4.6774e+01,6.4657e-01,1.1592e-01
4.8417e+01,6.4934e-01,1.1518e-01
5.0119e+01,6.5208e-01,1.1444e-01
5.1880e+01,6.5481e-01,1.1370e-01
5.3703e+01,6.5753e-01,1.1296e-01
5.5590e+01,6.6022e-01,1.1223e-01
5.7544e+01,6.6289e-01,1.1149e-01
5.9566e+01,6.6555e-01,1.1076e-01
6.1660e+01,6.6819e-01,1.1003e-01
6.3826e+01,6.7081e-01,1.0930e-01
6.6069e+01,6.7341e-01,1.0857e-01
6.8391e+01,6.7599e-01,1.0784e-01
7.0795e+01,6.7856e-01,1.0712e-01
7.3282e+01,6.8111e-01,1.0639e-01
7.5858e+01,6.8363e-01,1.0567e-01
7.8524e+01,6.8614e-01,1.0496e-01
8.1283e+01,6.8864e-01,1.0424e-01
8.4140e+01,6.9111e-01,1.0352e-01
8.7096e+01,6.9357e-01,1.0281e-01
9.0157e+01,6.9601e-01,1.0210e-01
9.3325e+01,6.9843e-01,1.0140e-01
9.6605e+01,7.0083e-01,1.0069e-01
1.0000e+02,7.0322e-01,9.9988e-02
1.0351e+02,7.0559e-01,9.9289e-02
1.0715e+02,7.0794e-01,9.8592e-02
1.1092e+02,7.1027e-01,9.7897e-02
1.1482e+02,7.1259e-01,9.7206e-02
1.1885e+02,7.1489e-01,9.6517e-02
1.2303e+02,7.1717e-01,9.5832e-02
1.2735e+02,7.1943e-01,9.5149e-02
1.3183e+02,7.2168e-01,9.4469e-02
1.3646e+02,7.2391e-01,9.3793e-02
1.4125e+02,7.2612e-01,9.3119e-02
1.4622e+02,7.2832e-01,9.2449e-02
1.5136e+02,7.3050e-01,9.1782e-02
1.5668e+02,7.3266e-01,9.1118e-02
1.6218e+02,7.3481e-01,9.0457e-02
1.6788e+02,7.3694e-01,8.9800e-02
1.7378e+02,7.3905e-01,8.9146e-02
1.7989e+02,7.4115e-01,8.8496e-02
1.8621e+02,7.4323e-01,8.7849e-02
1.9275e+02,7.4530e-01,8.7206e-02
1.9953e+02,7.4735e-01,8.6566e-02
2.0654e+02,7.4938e-01,8.5930e-02
2.1380e+02,7.5140e-01,8.5298e-02
2.2131e+02,7.5340e-01,8.4669e-02
2.2909e+02,7.5538e-01,8.4044e-02
2.3714e+02,7.5735e-01,8.3422e-02
2.4547e+02,7.5931e-01,8.2805e-02
2.5410e+02,7.6125e-01,8.2191e-02
2.6303e+02,7.6317e-01,8.1581e-02
2.7227e+02,7.6508e-01,8.0975e-02
2.8184e+02,7.6697e-01,8.0373e-02
2.9174e+02,7.6885e-01,7.9774e-02
3.0200e+02,7.7072e-01,7.9180e-02
3.1261e+02,7.7257e-01,7.8590e-02
3.2359e+02,7.7440e-01,7.8003e-02
3.3497e+02,7.7622e-01,7.7421e-02
3.4674e+02,7.7803e-01,7.6842e-02
3.5892e+02,7.7982e-01,7.6268e-02
3.7154e+02,7.8159e-01,7.5697e-02
3.8459e+02,7.8336e-01,7.5131e-02
3.9811e+02,7.8511e-01,7.4568e-02
4.1210e+02,7.8684e-01,7.4010e-02
4.2658e+02,7.8856e-01,7.3456e-02
4.4157e+02,7.9027e-01,7.2905e-02
4.5709e+02,7.9196e-01,7.2359e-02
4.7315e+02,7.9364e-01,7.1817e-02
4.8978e+02,7.9531e-01,7.1279e-02
5.0699e+02,7.9696e-01,7.0746e-02
5.2481e+02,7.9861e-01,7.0216e-02
5.4325e+02,8.0023e-01,6.9690e-02
5.6234e+02,8.0185e-01,6.9169e-02
5.8210e+02,8.0345e-01,6.8651e-02
6.0256e+02,8.0504e-01,6.8138e-02
6.2373e+02,8.0662e-01,6.7629e-02
6.4565e+02,8.0818e-01,6.7123e-02
6.6834e+02,8.0973e-01,6.6622e-02
6.9183e+02,8.1127e-01,6.6125e-02
7.1614e+02,8.1280e-01,6.5632e-02
7.4131e+02,8.1431e-01,6.5143e-02
7.6736e+02,8.1582e-01,6.4659e-02
7.9433e+02,8.1731e-01,6.4178e-02
8.2224e+02,8.1879e-01,6.3701e-02
8.5114e+02,8.2026e-01,6.3228e-02
8.8105e+02,8.2171e-01,6.2760e-02
9.1201e+02,8.2316e-01,6.2295e-02
9.4406e+02,8.2459e-01,6.1834e-02
9.7724e+02,8.2601e-01,6.1377e-02
1.0116e+03,8.2742e-01,6.0924e-02
1.0471e+03,8.2882e-01,6.0475e-02
1.0839e+03,8.3021e-01,6.0030e-02
1.1220e+03,8.3159e-01,5.9589e-02
1.1614e+03,8.3296e-01,5.9152e-02
1.2023e+03,8.3432e-01,5.8718e-02
1.2445e+03,8.3567e-01,5.8289e-02
1.2882e+03,8.3700e-01,5.7863e-02
1.3335e+03,8.3833e-01,5.7441e-02
1.3804e+03,8.3964e-01,5.7022e-02
1.4289e+03,8.4095e-01,5.6608e-02
1.4791e+03,8.4225e-01,5.6197e-02
1.5311e+03,8.4353e-01,5.5790e-02
1.5849e+03,8.4481e-01,5.5386e-02
1.6406e+03,8.4607e-01,5.4986e-02
1.6982e+03,8.4733e-01,5.4590e-02
1.7579e+03,8.4858e-01,5.4198e-02
1.8197e+03,8.4982e-01,5.3808e-02
1.8836e+03,8.5104e-01,5.3423e-02
1.9498e+03,8.5226e-01,5.3041e-02
2.0184e+03,8.5347e-01,5.2662e-02
2.0893e+03,8.5467e-01,5.2287e-02
2.1627e+03,8.5587e-01,5.1915e-02
2.2387e+03,8.5705e-01,5.1547e-02
2.3174e+03,8.5822e-01,5.1182e-02
2.3988e+03,8.5939e-01,5.0820e-02
2.4831e+03,8.6055e-01,5.0461e-02
2.5704e+03,8.6169e-01,5.0106e-02
2.6607e+03,8.6283e-01,4.9754e-02
2.7542e+03,8.6397e-01,4.9406e-02
2.8510e+03,8.6509e-01,4.9060e-02
2.9512e+03,8.6620e-01,4.8717e-02
3.0549e+03,8.6731e-01,4.8378e-02
3.1623e+03,8.6841e-01,4.8042e-02
3.2734e+03,8.6950e-01,4.7708e-02
3.3884e+03,8.7058e-01,4.7378e-02
3.5075e+03,8.7166e-01,4.7051e-02
3.6308e+03,8.7272e-01,4.6726e-02
3.7584e+03,8.7378e-01,4.6405e-02
3.8905e+03,8.7484e-01,4.6086e-02
4.0272e+03,8.7588e-01,4.5771e-02
4.1687e+03,8.7692e-01,4.5458e-02
4.3152e+03,8.7795e-01,4.5147e-02
4.4668e+03,8.7897e-01,4.4840e-02
4.6238e+03,8.7998e-01,4.4535e-02
4.7863e+03,8.8099e-01,4.4233e-02
4.9545e+03,8.8199e-01,4.3934e-02
5.1286e+03,8.8299e-01,4.3637e-02
5.3088e+03,8.8397e-01,4.3342e-02
5.4954e+03,8.8495e-01,4.3050e-02
5.6885e+03,8.8593e-01,4.2761e-02
5.8884e+03,8.8689e-01,4.2474e-02
6.0954e+03,8.8785e-01,4.2190e-02
6.3096e+03,8.8880e-01,4.1908e-02
6.5313e+03,8.8975e-01,4.1628e-02
6.7608e+03,8.9069e-01,4.1351e-02
6.9984e+03,8.9162e-01,4.1076e-02
7.2444e+03,8.9255e-01,4.0803e-02
7.4989e+03,8.9347e-01,4.0533e-02
7.7625e+03,8.9438e-01,4.0264e-02
8.0353e+03,8.9529e-01,3.9998e-02
8.3176e+03,8.9619e-01,3.9734e-02
8.6099e+03,8.9709e-01,3.9472e-02
8.9125e+03,8.9798e-01,3.9212e-02
9.2257e+03,8.9886e-01,3.8954e-02
9.5499e+03,8.9974e-01,3.8698e-02
9.8855e+03,9.0061e-01,3.8445e-02
1.0233e+04,9.0147e-01,3.8193e-02
1.0593e+04,9.0233e-01,3.7943e-02
1.0965e+04,9.0319e-01,3.7694e-02
1.1350e+04,9.0403e-01,3.7448e-02
1.1749e+04,9.0488e-01,3.7204e-02
1.2162e+04,9.0571e-01,3.6961e-02
1.2589e+04,9.0654e-01,3.6720e-02
1.3032e+04,9.0737e-01,3.6481e-02
1.3490e+04,9.0819e-01,3.6243e-02
1.3964e+04,9.0900e-01,3.6008e-02
1.4454e+04,9.0981e-01,3.5773e-02
1.4962e+04,9.1061e-01,3.5541e-02
1.5488e+04,9.1141e-01,3.5310e-02
1.6032e+04,9.1221e-01,3.5081e-02
1.6596e+04,9.1299e-01,3.4853e-02
1.7179e+04,9.1378e-01,3.4626e-02
1.7783e+04,9.1455e-01,3.4401e-02
1.8408e+04,9.1532e-01,3.4178e-02
1.9055e+04,9.1609e-01,3.3956e-02
1.9724e+04,9.1685e-01,3.3735e-02
2.0417e+04,9.1761e-01,3.3516e-02
2.1135e+04,9.1836e-01,3.3298e-02
2.1878e+04,9.1911e-01,3.3082e-02
2.2646e+04,9.1985e-01,3.2866e-02
2.3442e+04,9.2059e-01,3.2652e-02
2.4266e+04,9.2132e-01,3.2440e-02
2.5119e+04,9.2204e-01,3.2228e-02
2.6002e+04,9.2277e-01,3.2018e-02
2.6915e+04,9.2348e-01,3.1809e-02
2.7861e+04,9.2420e-01,3.1601e-02
2.8840e+04,9.2490e-01,3.1394e-02
2.9854e+04,9.2561e-01,3.1189e-02
3.0903e+04,9.2630e-01,3.0984e-02
3.1989e+04,9.2700e-01,3.0781e-02
3.3113e+04,9.2769e-01,3.0578e-02
3.4277e+04,9.2837e-01,3.0377e-02
3.5481e+04,9.2905e-01,3.0177e-02
3.6728e+04,9.2973e-01,2.9977e-02
3.8019e+04,9.3040e-01,2.9779e-02
3.9355e+04,9.3106e-01,2.9582e-02
4.0738e+04,9.3172e-01,2.9385e-02
4.2170e+04,9.3238e-01,2.9190e-02
4.3652e+04,9.3303e-01,2.8995e-02
4.5186e+04,9.3368e-01,2.8802e-02
4.6774e+04,9.3433e-01,2.8609e-02
4.8417e+04,9.3496e-01,2.8417e-02
5.0119e+04,9.3560e-01,2.8226e-02
5.1880e+04,9.3623e-01,2.8036e-02
5.3703e+04,9.3686e-01,2.7846e-02
5.5590e+04,9.3748e-01,2.7658e-02
5.7544e+04,9.3810e-01,2.7470e-02
5.9566e+04,9.3871e-01,2.7283e-02
6.1660e+04,9.3932e-01,2.7097e-02
6.3826e+04,9.3992e-01,2.6912e-02
6.6069e+04,9.4053e-01,2.6727e-02
6.8391e+04,9.4112e-01,2.6543e-02
7.0795e+04,9.4171e-01,2.6360e-02
7.3282e+04,9.4230e-01,2.6177e-02
7.5858e+04,9.4289e-01,2.5995e-02
7.8524e+04,9.4347e-01,2.5814e-02
8.1283e+04,9.4404e-01,2.5634e-02
8.4140e+04,9.4462e-01,2.5454e-02
8.7096e+04,9.4518e-01,2.5275e-02
9.0157e+04,9.4575e-01,2.5097e-02
9.3325e+04,9.4631e-01,2.4919e-02
9.6605e+04,9.4686e-01,2.4742e-02
1.0000e+05,9.4741e-01,2.4565e-02
1.0351e+05,9.4796e-01,2.4389e-02
1.0715e+05,9.4851e-01,2.4214e-02
1.1092e+05,9.4905e-01,2.4039e-02
1.1482e+05,9.4958e-01,2.3865e-02
1.1885e+05,9.5011e-01,2.3692e-02
1.2303e+05,9.5064e-01,2.3519e-02
1.2735e+05,9.5117e-01,2.3346e-02
1.3183e+05,9.5169e-01,2.3175e-02
1.3646e+05,9.5220e-01,2.3004e-02
1.4125e+05,9.5272e-01,2.2833e-02
1.4622e+05,9.5322e-01,2.2663e-02
1.5136e+05,9.5373e-01,2.2494e-02
1.5668e+05,9.5423e-01,2.2325e-02
1.6218e+05,9.5473e-01,2.2156e-02
1.6788e+05,9.5522e-01,2.1989e-02
1.7378e+05,9.5571e-01,2.1821e-02
1.7989e+05,9.5620e-01,2.1655e-02
1.8621e+05,9.5668e-01,2.1489e-02
1.9275e+05,9.5716e-01,2.1323e-02
1.9953e+05,9.5763e-01,2.1158e-02
2.0654e+05,9.5810e-01,2.0994e-02
2.1380e+05,9.5857e-01,2.0830e-02
2.2131e+05,9.5903e-01,2.0666e-02
2.2909e+05,9.5949e-01,2.0503e-02
2.3714e+05,9.5995e-01,2.0341e-02
2.4547e+05,9.6040e-01,2.0179e-02
2.5410e+05,9.6085e-01,2.0018e-02
2.6303e+05,9.6130e-01,1.9857e-02
2.7227e+05,9.6174e-01,1.9697e-02
2.8184e+05,9.6218e-01,1.9538e-02
2.9174e+05,9.6261e-01,1.9378e-02
3.0200e+05,9.6304e-01,1.9220e-02
3.1261e+05,9.6347e-01,1.9062e-02
3.2359e+05,9.6389e-01,1.8904e-02
3.3497e+05,9.6431e-01,1.8747e-02
3.4674e+05,9.6473e-01,1.8591e-02
3.5892e+05,9.6514e-01,1.8435e-02
3.7154e+05,9.6555e-01,1.8280e-02
3.8459e+05,9.6596e-01,1.8125e-02
3.9811e+05,9.6636e-01,1.7971e-02
4.1210e+05,9.6676e-01,1.7817e-02
4.2658e+05,9.6716e-01,1.7664e-02
4.4157e+05,9.6755e-01,1.7512e-02
4.5709e+05,9.6794e-01,1.7360e-02
4.7315e+05,9.6833e-01,1.7209e-02
4.8978e+05,9.6871e-01,1.7058e-02
5.0699e+05,9.6909e-01,1.6908e-02
5.2481e+05,9.6946e-01,1.6758e-02
5.4325e+05,9.6984e-01,1.6609e-02
5.6234e+05,9.7020e-01,1.6461e-02
5.8210e+05,9.7057e-01,1.6313e-02
6.0256e+05,9.7093e-01,1.6165e-02
6.2373e+05,9.7129e-01,1.6019e-02
6.4565e+05,9.7165e-01,1.5873e-02
6.6834e+05,9.7200e-01,1.5727e-02
6.9183e+05,9.7235e-01,1.5582e-02
7.1614e+05,9.7269e-01,1.5438e-02
7.4131e+05,9.7304e-01,1.5294e-02
7.6736e+05,9.7337e-01,1.5151e-02
7.9433e+05,9.7371e-01,1.5009e-02
8.2224e+05,9.7404e-01,1.4867e-02
8.5114e+05,9.7437e-01,1.4726e-02
8.8105e+05,9.7470e-01,1.4586e-02
9.1201e+05,9.7502e-01,1.4446e-02
9.4406e+05,9.7534e-01,1.4306e-02
9.7724e+05,9.7566e-01,1.4168e-02
1.0116e+06,9.7598e-01,1.4030e-02
1.0471e+06,9.7629e-01,1.3893e-02
1.0839e+06,9.7659e-01,1.3756e-02
1.1220e+06,9.7690e-01,1.3620e-02
1.1614e+06,9.7720e-01,1.3485e-02
1.2023e+06,9.7750e-01,1.3350e-02
1.2445e+06,9.7780e-01,1.3217e-02
1.2882e+06,9.7809e-01,1.3083e-02
1.3335e+06,9.7838e-01,1.2951e-02
1.3804e+06,9.7867e-01,1.2819e-02
1.4289e+06,9.7895e-01,1.2688e-02
1.4791e+06,9.7923e-01,1.2558e-02
1.5311e+06,9.7951e-01,1.2428e-02
1.5849e+06,9.7978e-01,1.2299e-02
1.6406e+06,9.8006e-01,1.2171e-02
1.6982e+06,9.8033e-01,1.2043e-02
1.7579e+06,9.8059e-01,1.1916e-02
1.8197e+06,9.8086e-01,1.1790e-02
1.8836e+06,9.8112e-01,1.1665e-02
1.9498e+06,9.8137e-01,1.1540e-02
2.0184e+06,9.8163e-01,1.1416e-02
2.0893e+06,9.8188e-01,1.1293e-02
2.1627e+06,9.8213e-01,1.1171e-02
2.2387e+06,9.8238e-01,1.1049e-02
2.3174e+06,9.8262e-01,1.0928e-02
2.3988e+06,9.8287e-01,1.0808e-02
2.4831e+06,9.8310e-01,1.0688e-02
2.5704e+06,9.8334e-01,1.0570e-02
2.6607e+06,9.8357e-01,1.0452e-02
2.7542e+06,9.8381e-01,1.0335e-02
2.8510e+06,9.8403e-01,1.0218e-02
2.9512e+06,9.8426e-01,1.0103e-02
3.0549e+06,9.8448e-01,9.9881e-03
3.1623e+06,9.8470e-01,9.8741e-03
3.2734e+06,9.8492e-01,9.7608e-03
3.3884e+06,9.8514e-01,9.6484e-03
3.5075e+06,9.8535e-01,9.5368e-03
3.6308e+06,9.8556e-01,9.4259e-03
3.7584e+06,9.8577e-01,9.3158e-03
3.8905e+06,9.8597e-01,9.2066e-03
4.0272e+06,9.8618e-01,9.0981e-03
4.1687e+06,9.8638e-01,8.9904e-03
4.3152e+06,9.8658e-01,8.8835e-03
4.4668e+06,9.8677e-01,8.7774e-03
4.6238e+06,9.8697e-01,8.6722e-03
4.7863e+06,9.8716e-01,8.5677e-03
4.9545e+06,9.8735e-01,8.4640e-03
5.1286e+06,9.8753e-01,8.3612e-03
5.3088e+06,9.8772e-01,8.2591e-03
5.4954e+06,9.8790e-01,8.1579e-03
5.6885e+06,9.8808e-01,8.0574e-03
5.8884e+06,9.8826e-01,7.9578e-03
6.0954e+06,9.8843e-01,7.8590e-03
6.3096e+06,9.8861e-01,7.7610e-03
6.5313e+06,9.8878e-01,7.6638e-03
6.7608e+06,9.8895e-01,7.5675e-03
6.9984e+06,9.8911e-01,7.4719e-03
7.2444e+06,9.8928e-01,7.3772e-03
7.4989e+06,9.8944e-01,7.2832e-03
7.7625e+06,9.8960e-01,7.1901e-03
8.0353e+06,9.8976e-01,7.0978e-03
8.3176e+06,9.8992e-01,7.0063e-03
8.6099e+06,9.9007e-01,6.9156e-03
8.9125e+06,9.9022e-01,6.8258e-03
9.2257e+06,9.9037e-01,6.7367e-03
9.5499e+06,9.9052e-01,6.6484e-03
9.8855e+06,9.9067e-01,6.5610e-03
1.0233e+07,9.9081e-01,6.4744e-03
1.0593e+07,9.9096e-01,6.3885e-03
1.0965e+07,9.9110e-01,6.3035e-03
1.1350e+07,9.9124e-01,6.2193e-03
1.1749e+07,9.9137e-01,6.1359e-03
1.2162e+07,9.9151e-01,6.0533e-03
1.2589e+07,9.9164e-01,5.9715e-03
1.3032e+07,9.9177e-01,5.8904e-03
1.3490e+07,9.9190e-01,5.8102e-03
1.3964e+07,9.9203e-01,5.7308e-03
1.4454e+07,9.9216e-01,5.6522e-03
1.4962e+07,9.9228e-01,5.5743e-03
1.5488e+07,9.9240e-01,5.4973e-03
1.6032e+07,9.9252e-01,5.4210e-03
1.6596e+07,9.9264e-01,5.3455e-03
1.7179e+07,9.9276e-01,5.2708e-03
1.7783e+07,9.9288e-01,5.1969e-03
1.8408e+07,9.9299e-01,5.1237e-03
1.9055e+07,9.9310e-01,5.0514e-03
1.9724e+07,9.9321e-01,4.9797e-03
2.0417e+07,9.9332e-01,4.9089e-03
2.1135e+07,9.9343e-01,4.8388e-03
2.1878e+07,9.9354e-01,4.7695e-03
2.2646e+07,9.9364e-01,4.7009e-03
2.3442e+07,9.9375e-01,4.6331e-03
2.4266e+07,9.9385e-01,4.5661e-03
2.5119e+07,9.9395e-01,4.4998e-03
2.6002e+07,9.9405e-01,4.4342e-03
2.6915e+07,9.9414e-01,4.3694e-03
2.7861e+07,9.9424e-01,4.3053e-03
2.8840e+07,9.9433e-01,4.2419e-03
2.9854e+07,9.9443e-01,4.1793e-03
3.0903e+07,9.9452e-01,4.1174e-03
3.1989e+07,9.9461e-01,4.0562e-03
3.3113e+07,9.9470e-01,3.9957e-03
3.4277e+07,9.9479e-01,3.9360e-03
3.5481e+07,9.9487e-01,3.8769e-03
3.6728e+07,9.9496e-01,3.8186e-03
3.8019e+07,9.9504e-01,3.7609e-03
3.9355e+07,9.9512e-01,3.7040e-03
4.0738e+07,9.9520e-01,3.6477e-03
4.2170e+07,9.9528e-01,3.5921e-03
4.3652e+07,9.9536e-01,3.5372e-03
4.5186e+07,9.9544e-01,3.4830e-03
4.6774e+07,9.9552e-01,3.4295e-03
4.8417e+07,9.9559e-01,3.3766e-03
5.0119e+07,9.9567e-01,3.3244e-03
5.1880e+07,9.9574e-01,3.2728e-03
5.3703e+07,9.9581e-01,3.2219e-03
5.5590e+07,9.9588e-01,3.1717e-03
5.7544e+07,9.9595e-01,3.1221e-03
5.9566e+07,9.9602e-01,3.0731e-03
6.1660e+07,9.9609e-01,3.0248e-03
6.3826e+07,9.9615e-01,2.9771e-03
6.6069e+07,9.9622e-01,2.9300e-03
6.8391e+07,9.9628e-01,2.8836e-03
7.0795e+07,9.9635e-01,2.8377e-03
7.3282e+07,9.9641e-01,2.7925e-03
7.5858e+07,9.9647e-01,2.7479e-03
7.8524e+07,9.9653e-01,2.7039e-03
8.1283e+07,9.9659e-01,2.6604e-03
8.4140e+07,9.9665e-01,2.6176e-03
8.7096e+07,9.9670e-01,2.5753e-03
9.0157e+07,9.9676e-01,2.5336e-03
9.3325e+07,9.9682e-01,2.4925e-03
9.6605e+07,9.9687e-01,2.4520e-03
1.0000e+08,9.9692e-01,2.4120e-03
1.0351e+08,9.9698e-01,2.3726e-03
1.0715e+08,9.9703e-01,2.3338e-03
1.1092e+08,9.9708e-01,2.2954e-03
1.1482e+08,9.9713e-01,2.2577e-03
1.1885e+08,9.9718e-01,2.2204e-03
1.2303e+08,9.9723e-01,2.1837e-03
1.2735e+08,9.9728e-01,2.1475e-03
1.3183e+08,9.9732e-01,2.1119e-03
1.3646e+08,9.9737e-01,2.0768e-03
1.4125e+08,9.9741e-01,2.0421e-03
1.4622e+08,9.9746e-01,2.0080e-03
1.5136e+08,9.9750e-01,1.9744e-03
1.5668e+08,9.9755e-01,1.9412e-03
1.6218e+08,9.9759e-01,1.9086e-03
1.6788e+08,9.9763e-01,1.8764e-03
1.7378e+08,9.9767e-01,1.8448e-03
1.7989e+08,9.9771e-01,1.8136e-03
1.8621e+08,9.9775e-01,1.7828e-03
1.9275e+08,9.9779e-01,1.7526e-03
1.9953e+08,9.9783e-01,1.7227e-03
2.0654e+08,9.9787e-01,1.6934e-03
2.1380e+08,9.9790e-01,1.6645e-03
2.2131e+08,9.9794e-01,1.6360e-03
2.2909e+08,9.9798e-01,1.6080e-03
2.3714e+08,9.9801e-01,1.5804e-03
2.4547e+08,9.9805e-01,1.5532e-03
2.5410e+08,9.9808e-01,1.5265e-03
2.6303e+08,9.9811e-01,1.5001e-03
2.7227e+08,9.9815e-01,1.4742e-03
2.8184e+08,9.9818e-01,1.4487e-03
2.9174e+08,9.9821e-01,1.4236e-03
3.0200e+08,9.9824e-01,1.3989e-03
3.1261e+08,9.9827e-01,1.3746e-03
3.2359e+08,9.9830e-01,1.3506e-03
3.3497e+08,9.9833e-01,1.3271e-03
3.4674e+08,9.9836e-01,1.3039e-03
3.5892e+08,9.9839e-01,1.2811e-03
3.7154e+08,9.9842e-01,1.2587e-03
3.8459e+08,9.9844e-01,1.2366e-03
3.9811e+08,9.9847e-01,1.2149e-03
4.1210e+08,9.9850e-01,1.1936e-03
4.2658e+08,9.9852e-01,1.1726e-03
4.4157e+08,9.9855e-01,1.1519e-03
4.5709e+08,9.9857e-01,1.1316e-03
4.7315e+08,9.9860e-01,1.1116e-03
4.8978e+08,9.9862e-01,1.0920e-03
5.0699e+08,9.9865e-01,1.0726e-03
5.2481e+08,9.9867e-01,1.0536e-03
5.4325e+08,9.9869e-01,1.0349e-03
5.6234e+08,9.9872e-01,1.0166e-03
5.8210e+08,9.9874e-01,9.9851e-04
6.0256e+08,9.9876e-01,9.8075e-04
6.2373e+08,9.9878e-01,9.6330e-04
6.4565e+08,9.9880e-01,9.4613e-04
6.6834e+08,9.9882e-01,9.2926e-04
6.9183e+08,9.9884e-01,9.1268e-04
7.1614e+08,9.9886e-01,8.9638e-04
7.4131e+08,9.9888e-01,8.8036e-04
7.6736e+08,9.9890e-01,8.6462e-04
7.9433e+08,9.9892e-01,8.4914e-04
8.2224e+08,9.9894e-01,8.3394e-04
8.5114e+08,9.9896e-01,8.1899e-04
8.8105e+08,9.9897e-01,8.0431e-04
9.1201e+08,9.9899e-01,7.8988e-04
9.4406e+08,9.9901e-01,7.7570e-04
9.7724e+08,9.9903e-01,7.6178e-04
1.0116e+09,9.9904e-01,7.4809e-04
1.0471e+09,9.9906e-01,7.3465e-04
1.0839e+09,9.9908e-01,7.2144e-04
1.1220e+09,9.9909e-01,7.0846e-04
1.1614e+09,9.9911e-01,6.9572e-04
1.2023e+09,9.9912e-01,6.8320e-04
1.2445e+09,9.9914e-01,6.7090e-04
1.2882e+09,9.9915e-01,6.5882e-04
1.3335e+09,9.9917e-01,6.4695e-04
1.3804e+09,9.9918e-01,6.3530e-04
1.4289e+09,9.9919e-01,6.2386e-04
1.4791e+09,9.9921e-01,6.1262e-04
1.5311e+09,9.9922e-01,6.0158e-04
1.5849e+09,9.9923e-01,5.9074e-04
1.6406e+09,9.9925e-01,5.8010e-04
1.6982e+09,9.9926e-01,5.6965e-04
1.7579e+09,9.9927e-01,5.5939e-04
1.8197e+09,9.9928e-01,5.4931e-04
1.8836e+09,9.9930e-01,5.3942e-04
1.9498e+09,9.9931e-01,5.2971e-04
2.0184e+09,9.9932e-01,5.2017e-04
2.0893e+09,9.9933e-01,5.1081e-04
2.1627e+09,9.9934e-01,5.0162e-04
2.2387e+09,9.9935e-01,4.9259e-04
2.3174e+09,9.9936e-01,4.8373e-04
2.3988e+09,9.9937e-01,4.7504e-04
2.4831e+09,9.9938e-01,4.6650e-04
2.5704e+09,9.9939e-01,4.5812e-04
2.6607e+09,9.9940e-01,4.4990e-04
2.7542e+09,9.9941e-01,4.4183e-04
2.8510e+09,9.9942e-01,4.3390e-04
2.9512e+09,9.9943e-01,4.2613e-04
3.0549e+09,9.9944e-01,4.1849e-04
3.1623e+09,9.9945e-01,4.1100e-04
3.2734e+09,9.9946e-01,4.0365e-04
3.3884e+09,9.9947e-01,3.9643e-04
3.5075e+09,9.9948e-01,3.8935e-04
3.6308e+09,9.9949e-01,3.8240e-04
3.7584e+09,9.9950e-01,3.7557e-04
3.8905e+09,9.9950e-01,3.6888e-04
4.0272e+09,9.9951e-01,3.6231e-04
4.1687e+09,9.9952e-01,3.5586e-04
4.3152e+09,9.9953e-01,3.4954e-04
4.4668e+09,9.9953e-01,3.4333e-04
4.6238e+09,9.9954e-01,3.3724e-04
4.7863e+09,9.9955e-01,3.3126e-04
4.9545e+09,9.9956e-01,3.2539e-04
5.1286e+09,9.9956e-01,3.1964e-04
5.3088e+09,9.9957e-01,3.1399e-04
5.4954e+09,9.9958e-01,3.0845e-04
5.6885e+09,9.9958e-01,3.0301e-04
5.8884e+09,9.9959e-01,2.9767e-04
6.0954e+09,9.9960e-01,2.9244e-04
6.3096e+09,9.9960e-01,2.8730e-04
6.5313e+09,9.9961e-01,2.8226e-04
6.7608e+09,9.9962e-01,2.7731e-04
6.9984e+09,9.9962e-01,2.7246e-04
7.2444e+09,9.9963e-01,2.6770e-04
7.4989e+09,9.9963e-01,2.6302e-04
7.7625e+09,9.9964e-01,2.5844e-04
8.0353e+09,9.9965e-01,2.5394e-04
8.3176e+09,9.9965e-01,2.4953e-04
8.6099e+09,9.9966e-01,2.4520e-04
8.9125e+09,9.9966e-01,2.4095e-04
9.2257e+09,9.9967e-01,2.3678e-04
9.5499e+09,9.9967e-01,2.3269e-04
9.8855e+09,9.9968e-01,2.2867e-04
1.0233e+10,9.9968e-01,2.2473e-04
1.0593e+10,9.9969e-01,2.2087e-04
1.0965e+10,9.9969e-01,2.1708e-04
1.1350e+10,9.9970e-01,2.1336e-04
1.1749e+10,9.9970e-01,2.0971e-04
1.2162e+10,9.9971e-01,2.0612e-04
1.2589e+10,9.9971e-01,2.0261e-04
1.3032e+10,9.9971e-01,1.9916e-04
1.3490e+10,9.9972e-01,1.9577e-04
1.3964e+10,9.9972e-01,1.9245e-04
1.4454e+10,9.9973e-01,1.8919e-04
1.4962e+10,9.9973e-01,1.8600e-04
1.5488e+10,9.9974e-01,1.8286e-04
1.6032e+10,9.9974e-01,1.7978e-04
1.6596e+10,9.9974e-01,1.7676e-04
1.7179e+10,9.9975e-01,1.7379e-04
1.7783e+10,9.9975e-01,1.7088e-04
1.8408e+10,9.9976e-01,1.6802e-04
1.9055e+10,9.9976e-01,1.6522e-04
1.9724e+10,9.9976e-01,1.6247e-04
2.0417e+10,9.9977e-01,1.5977e-04
2.1135e+10,9.9977e-01,1.5712e-04
2.1878e+10,9.9977e-01,1.5452e-04
2.2646e+10,9.9978e-01,1.5196e-04
2.3442e+10,9.9978e-01,1.4946e-04
2.4266e+10,9.9978e-01,1.4700e-04
2.5119e+10,9.9979e-01,1.4459e-04
2.6002e+10,9.9979e-01,1.4222e-04
2.6915e+10,9.9979e-01,1.3989e-04
2.7861e+10,9.9980e-01,1.3761e-04
2.8840e+10,9.9980e-01,1.3537e-04
2.9854e+10,9.9980e-01,1.3317e-04
3.0903e+10,9.9980e-01,1.3101e-04
3.1989e+10,9.9981e-01,1.2888e-04
3.3113e+10,9.9981e-01,1.2680e-04
3.4277e+10,9.9981e-01,1.2476e-04
3.5481e+10,9.9982e-01,1.2275e-04
3.6728e+10,9.9982e-01,1.2078e-04
3.8019e+10,9.9982e-01,1.1885e-04
3.9355e+10,9.9982e-01,1.1695e-04
4.0738e+10,9.9983e-01,1.1508e-04
4.2170e+10,9.9983e-01,1.1325e-04
4.3652e+10,9.9983e-01,1.1145e-04
4.5186e+10,9.9983e-01,1.0968e-04
4.6774e+10,9.9984e-01,1.0795e-04
4.8417e+10,9.9984e-01,1.0625e-04
5.0119e+10,9.9984e-01,1.0457e-04
5.1880e+10,9.9984e-01,1.0293e-04
5.3703e+10,9.9984e-01,1.0132e-04
5.5590e+10,9.9985e-01,9.9730e-05
5.7544e+10,9.9985e-01,9.8172e-05
5.9566e+10,9.9985e-01,9.6643e-05
6.1660e+10,9.9985e-01,9.5140e-05
6.3826e+10,9.9986e-01,9.3664e-05
6.6069e+10,9.9986e-01,9.2213e-05
6.8391e+10,9.9986e-01,9.0788e-05
7.0795e+10,9.9986e-01,8.9388e-05
7.3282e+10,9.9986e-01,8.8013e-05
7.5858e+10,9.9987e-01,8.6662e-05
7.8524e+10,9.9987e-01,8.5334e-05
8.1283e+10,9.9987e-01,8.4029e-05
8.4140e+10,9.9987e-01,8.2746e-05
8.7096e+10,9.9987e-01,8.1486e-05
9.0157e+10,9.9987e-01,8.0248e-05
9.3325e+10,9.9988e-01,7.9031e-05
9.6605e+10,9.9988e-01,7.7835e-05
1.0000e+11,9.9988e-01,7.6659e-05
