   f   ,G_stor ,G_loss 
  Hz   ,  GPa  ,  GPa  
1.0000e-04,5.8893e-07,9.9652e-05
1.0351e-04,6.2293e-07,1.0315e-04
1.0715e-04,6.5889e-07,1.0676e-04
1.1092e-04,6.9692e-07,1.1051e-04
1.1482e-04,7.3716e-07,1.1438e-04
1.1885e-04,7.7971e-07,1.1839e-04
1.2303e-04,8.2473e-07,1.2254e-04
1.2735e-04,8.7234e-07,1.2684e-04
1.3183e-04,9.2271e-07,1.3128e-04
1.3646e-04,9.7598e-07,1.3588e-04
1.4125e-04,1.0323e-06,1.4064e-04
1.4622e-04,1.0919e-06,1.4557e-04
1.5136e-04,1.1550e-06,1.5067e-04
1.5668e-04,1.2217e-06,1.5595e-04
1.6218e-04,1.2922e-06,1.6142e-04
1.6788e-04,1.3668e-06,1.6707e-04
1.7378e-04,1.4457e-06,1.7293e-04
1.7989e-04,1.5292e-06,1.7898e-04
1.8621e-04,1.6175e-06,1.8525e-04
1.9275e-04,1.7109e-06,1.9174e-04
1.9953e-04,1.8097e-06,1.9846e-04
2.0654e-04,1.9142e-06,2.0541e-04
2.1380e-04,2.0247e-06,2.1260e-04
2.2131e-04,2.1416e-06,2.2004e-04
2.2909e-04,2.2653e-06,2.2775e-04
2.3714e-04,2.3961e-06,2.3572e-04
2.4547e-04,2.5344e-06,2.4397e-04
2.5410e-04,2.6807e-06,2.5251e-04
2.6303e-04,2.8355e-06,2.6135e-04
2.7227e-04,2.9993e-06,2.7050e-04
2.8184e-04,3.1724e-06,2.7996e-04
2.9174e-04,3.3556e-06,2.8976e-04
3.0200e-04,3.5494e-06,2.9990e-04
3.1261e-04,3.7543e-06,3.1039e-04
3.2359e-04,3.9711e-06,3.2125e-04
3.3497e-04,4.2004e-06,3.3248e-04
3.4674e-04,4.4429e-06,3.4411e-04
3.5892e-04,4.6994e-06,3.5614e-04
3.7154e-04,4.9707e-06,3.6860e-04
3.8459e-04,5.2577e-06,3.8148e-04
3.9811e-04,5.5613e-06,3.9482e-04
4.1210e-04,5.8823e-06,4.0862e-04
4.2658e-04,6.2219e-06,4.2290e-04
4.4157e-04,6.5811e-06,4.3767e-04
4.5709e-04,6.9610e-06,4.5297e-04
4.7315e-04,7.3629e-06,4.6879e-04
4.8978e-04,7.7879e-06,4.8517e-04
5.0699e-04,8.2375e-06,5.0211e-04
5.2481e-04,8.7130e-06,5.1964e-04
5.4325e-04,9.2159e-06,5.3779e-04
5.6234e-04,9.7478e-06,5.5656e-04
5.8210e-04,1.0310e-05,5.7599e-04
6.0256e-04,1.0905e-05,5.9609e-04
6.2373e-04,1.1535e-05,6.1689e-04
6.4565e-04,1.2200e-05,6.3841e-04
6.6834e-04,1.2905e-05,6.6068e-04
6.9183e-04,1.3649e-05,6.8372e-04
7.1614e-04,1.4437e-05,7.0756e-04
7.4131e-04,1.5270e-05,7.3223e-04
7.6736e-04,1.6151e-05,7.5775e-04
7.9433e-04,1.7082e-05,7.8416e-04
8.2224e-04,1.8068e-05,8.1149e-04
8.5114e-04,1.9110e-05,8.3976e-04
8.8105e-04,2.0212e-05,8.6901e-04
9.1201e-04,2.1378e-05,8.9927e-04
9.4406e-04,2.2610e-05,9.3057e-04
9.7724e-04,2.3914e-05,9.6297e-04
1.0116e-03,2.5293e-05,9.9648e-04
1.0471e-03,2.6751e-05,1.0311e-03
1.0839e-03,2.8293e-05,1.0670e-03
1.1220e-03,2.9924e-05,1.1041e-03
1.1614e-03,3.1649e-05,1.1425e-03
1.2023e-03,3.3473e-05,1.1822e-03
1.2445e-03,3.5402e-05,1.2233e-03
1.2882e-03,3.7441e-05,1.2658e-03
1.3335e-03,3.9598e-05,1.3098e-03
1.3804e-03,4.1879e-05,1.3552e-03
1.4289e-03,4.4291e-05,1.4023e-03
1.4791e-03,4.6842e-05,1.4509e-03
1.5311e-03,4.9539e-05,1.5013e-03
1.5849e-03,5.2391e-05,1.5533e-03
1.6406e-03,5.5406e-05,1.6072e-03
1.6982e-03,5.8595e-05,1.6629e-03
1.7579e-03,6.1967e-05,1.7205e-03
1.8197e-03,6.5532e-05,1.7801e-03
1.8836e-03,6.9301e-05,1.8417e-03
1.9498e-03,7.3287e-05,1.9055e-03
2.0184e-03,7.7501e-05,1.9714e-03
2.0893e-03,8.1956e-05,2.0396e-03
2.1627e-03,8.6666e-05,2.1101e-03
2.2387e-03,9.1646e-05,2.1830e-03
2.3174e-03,9.6911e-05,2.2584e-03
2.3988e-03,1.0248e-04,2.3364e-03
2.4831e-03,1.0836e-04,2.4170e-03
2.5704e-03,1.1458e-04,2.5004e-03
2.6607e-03,1.2116e-04,2.5866e-03
2.7542e-03,1.2811e-04,2.6757e-03
2.8510e-03,1.3546e-04,2.7679e-03
2.9512e-03,1.4323e-04,2.8632e-03
3.0549e-03,1.5144e-04,2.9617e-03
3.1623e-03,1.6012e-04,3.0636e-03
3.2734e-03,1.6929e-04,3.1689e-03
3.3884e-03,1.7899e-04,3.2778e-03
3.5075e-03,1.8923e-04,3.3903e-03
3.6308e-03,2.0006e-04,3.5067e-03
3.7584e-03,2.1151e-04,3.6269e-03
3.8905e-03,2.2360e-04,3.7513e-03
4.0272e-03,2.3639e-04,3.8798e-03
4.1687e-03,2.4990e-04,4.0126e-03
4.3152e-03,2.6417e-04,4.1498e-03
4.4668e-03,2.7925e-04,4.2917e-03
4.6238e-03,2.9519e-04,4.4383e-03
4.7863e-03,3.1203e-04,4.5898e-03
4.9545e-03,3.2982e-04,4.7463e-03
5.1286e-03,3.4861e-04,4.9081e-03
5.3088e-03,3.6847e-04,5.0753e-03
5.4954e-03,3.8944e-04,5.2479e-03
5.6885e-03,4.1160e-04,5.4264e-03
5.8884e-03,4.3500e-04,5.6107e-03
6.0954e-03,4.5972e-04,5.8011e-03
6.3096e-03,4.8583e-04,5.9978e-03
6.5313e-03,5.1341e-04,6.2010e-03
6.7608e-03,5.4253e-04,6.4108e-03
6.9984e-03,5.7328e-04,6.6275e-03
7.2444e-03,6.0575e-04,6.8513e-03
7.4989e-03,6.4004e-04,7.0825e-03
7.7625e-03,6.7624e-04,7.3211e-03
8.0353e-03,7.1445e-04,7.5675e-03
8.3176e-03,7.5480e-04,7.8220e-03
8.6099e-03,7.9739e-04,8.0846e-03
8.9125e-03,8.4234e-04,8.3557e-03
9.2257e-03,8.8979e-04,8.6356e-03
9.5499e-03,9.3986e-04,8.9244e-03
9.8855e-03,9.9270e-04,9.2225e-03
1.0233e-02,1.0485e-03,9.5301e-03
1.0593e-02,1.1073e-03,9.8475e-03
1.0965e-02,1.1694e-03,1.0175e-02
1.1350e-02,1.2348e-03,1.0513e-02
1.1749e-02,1.3039e-03,1.0861e-02
1.2162e-02,1.3768e-03,1.1221e-02
1.2589e-02,1.4536e-03,1.1591e-02
1.3032e-02,1.5346e-03,1.1974e-02
1.3490e-02,1.6200e-03,1.2368e-02
1.3964e-02,1.7101e-03,1.2774e-02
1.4454e-02,1.8050e-03,1.3193e-02
1.4962e-02,1.9051e-03,1.3625e-02
1.5488e-02,2.0105e-03,1.4070e-02
1.6032e-02,2.1217e-03,1.4529e-02
1.6596e-02,2.2388e-03,1.5001e-02
1.7179e-02,2.3621e-03,1.5488e-02
1.7783e-02,2.4921e-03,1.5989e-02
1.8408e-02,2.6290e-03,1.6505e-02
1.9055e-02,2.7731e-03,1.7037e-02
1.9724e-02,2.9249e-03,1.7584e-02
2.0417e-02,3.0846e-03,1.8147e-02
2.1135e-02,3.2528e-03,1.8727e-02
2.1878e-02,3.4298e-03,1.9324e-02
2.2646e-02,3.6161e-03,1.9937e-02
2.3442e-02,3.8120e-03,2.0569e-02
2.4266e-02,4.0181e-03,2.1218e-02
2.5119e-02,4.2348e-03,2.1885e-02
2.6002e-02,4.4628e-03,2.2571e-02
2.6915e-02,4.7024e-03,2.3277e-02
2.7861e-02,4.9542e-03,2.4001e-02
2.8840e-02,5.2188e-03,2.4745e-02
2.9854e-02,5.4968e-03,2.5510e-02
3.0903e-02,5.7889e-03,2.6295e-02
3.1989e-02,6.0956e-03,2.7100e-02
3.3113e-02,6.4176e-03,2.7927e-02
3.4277e-02,6.7555e-03,2.8776e-02
3.5481e-02,7.1102e-03,2.9646e-02
3.6728e-02,7.4823e-03,3.0538e-02
3.8019e-02,7.8725e-03,3.1452e-02
3.9355e-02,8.2817e-03,3.2389e-02
4.0738e-02,8.7106e-03,3.3349e-02
4.2170e-02,9.1601e-03,3.4332e-02
4.3652e-02,9.6311e-03,3.5338e-02
4.5186e-02,1.0124e-02,3.6368e-02
4.6774e-02,1.0641e-02,3.7422e-02
4.8417e-02,1.1181e-02,3.8499e-02
5.0119e-02,1.1747e-02,3.9600e-02
5.1880e-02,1.2338e-02,4.0725e-02
5.3703e-02,1.2957e-02,4.1875e-02
5.5590e-02,1.3603e-02,4.3048e-02
5.7544e-02,1.4279e-02,4.4245e-02
5.9566e-02,1.4984e-02,4.5467e-02
6.1660e-02,1.5721e-02,4.6712e-02
6.3826e-02,1.6489e-02,4.7982e-02
6.6069e-02,1.7291e-02,4.9274e-02
6.8391e-02,1.8127e-02,5.0591e-02
7.0795e-02,1.8999e-02,5.1930e-02
7.3282e-02,1.9907e-02,5.3292e-02
7.5858e-02,2.0853e-02,5.4677e-02
7.8524e-02,2.1837e-02,5.6084e-02
8.1283e-02,2.2862e-02,5.7512e-02
8.4140e-02,2.3927e-02,5.8962e-02
8.7096e-02,2.5034e-02,6.0431e-02
9.0157e-02,2.6184e-02,6.1921e-02
9.3325e-02,2.7379e-02,6.3430e-02
9.6605e-02,2.8619e-02,6.4958e-02
1.0000e-01,2.9905e-02,6.6503e-02
1.0351e-01,3.1238e-02,6.8065e-02
1.0715e-01,3.2620e-02,6.9642e-02
1.1092e-01,3.4051e-02,7.1235e-02
1.1482e-01,3.5532e-02,7.2841e-02
1.1885e-01,3.7064e-02,7.4460e-02
1.2303e-01,3.8648e-02,7.6091e-02
1.2735e-01,4.0284e-02,7.7732e-02
1.3183e-01,4.1974e-02,7.9382e-02
1.3646e-01,4.3719e-02,8.1040e-02
1.4125e-01,4.5518e-02,8.2704e-02
1.4622e-01,4.7372e-02,8.4374e-02
1.5136e-01,4.9282e-02,8.6047e-02
1.5668e-01,5.1248e-02,8.7722e-02
1.6218e-01,5.3271e-02,8.9398e-02
1.6788e-01,5.5350e-02,9.1073e-02
1.7378e-01,5.7487e-02,9.2745e-02
1.7989e-01,5.9681e-02,9.4413e-02
1.8621e-01,6.1932e-02,9.6076e-02
1.9275e-01,6.4240e-02,9.7730e-02
1.9953e-01,6.6606e-02,9.9376e-02
2.0654e-01,6.9028e-02,1.0101e-01
2.1380e-01,7.1507e-02,1.0263e-01
2.2131e-01,7.4041e-02,1.0424e-01
2.2909e-01,7.6632e-02,1.0584e-01
2.3714e-01,7.9277e-02,1.0741e-01
2.4547e-01,8.1977e-02,1.0897e-01
2.5410e-01,8.4731e-02,1.1050e-01
2.6303e-01,8.7537e-02,1.1202e-01
2.7227e-01,9.0395e-02,1.1351e-01
2.8184e-01,9.3305e-02,1.1498e-01
2.9174e-01,9.6264e-02,1.1641e-01
3.0200e-01,9.9272e-02,1.1783e-01
3.1261e-01,1.0233e-01,1.1921e-01
3.2359e-01,1.0543e-01,1.2056e-01
3.3497e-01,1.0857e-01,1.2188e-01
3.4674e-01,1.1176e-01,1.2317e-01
3.5892e-01,1.1500e-01,1.2442e-01
3.7154e-01,1.1827e-01,1.2564e-01
3.8459e-01,1.2158e-01,1.2683e-01
3.9811e-01,1.2493e-01,1.2797e-01
4.1210e-01,1.2831e-01,1.2908e-01
4.2658e-01,1.3173e-01,1.3016e-01
4.4157e-01,1.3518e-01,1.3119e-01
4.5709e-01,1.3867e-01,1.3218e-01
4.7315e-01,1.4218e-01,1.3314e-01
4.8978e-01,1.4571e-01,1.3405e-01
5.0699e-01,1.4928e-01,1.3493e-01
5.2481e-01,1.5287e-01,1.3576e-01
5.4325e-01,1.5648e-01,1.3656e-01
5.6234e-01,1.6011e-01,1.3731e-01
5.8210e-01,1.6375e-01,1.3803e-01
6.0256e-01,1.6742e-01,1.3870e-01
6.2373e-01,1.7110e-01,1.3933e-01
6.4565e-01,1.7480e-01,1.3992e-01
6.6834e-01,1.7851e-01,1.4048e-01
6.9183e-01,1.8223e-01,1.4099e-01
7.1614e-01,1.8595e-01,1.4146e-01
7.4131e-01,1.8969e-01,1.4190e-01
7.6736e-01,1.9343e-01,1.4230e-01
7.9433e-01,1.9718e-01,1.4266e-01
8.2224e-01,2.0093e-01,1.4298e-01
8.5114e-01,2.0468e-01,1.4327e-01
8.8105e-01,2.0843e-01,1.4352e-01
9.1201e-01,2.1219e-01,1.4374e-01
9.4406e-01,2.1594e-01,1.4392e-01
9.7724e-01,2.1969e-01,1.4407e-01
1.0116e+00,2.2343e-01,1.4418e-01
1.0471e+00,2.2717e-01,1.4427e-01
1.0839e+00,2.3091e-01,1.4432e-01
1.1220e+00,2.3464e-01,1.4434e-01
1.1614e+00,2.3836e-01,1.4434e-01
1.2023e+00,2.4207e-01,1.4430e-01
1.2445e+00,2.4578e-01,1.4424e-01
1.2882e+00,2.4947e-01,1.4415e-01
1.3335e+00,2.5315e-01,1.4403e-01
1.3804e+00,2.5683e-01,1.4389e-01
1.4289e+00,2.6049e-01,1.4372e-01
1.4791e+00,2.6414e-01,1.4353e-01
1.5311e+00,2.6777e-01,1.4332e-01
1.5849e+00,2.7139e-01,1.4309e-01
1.6406e+00,2.7500e-01,1.4283e-01
1.6982e+00,2.7859e-01,1.4255e-01
1.7579e+00,2.8217e-01,1.4226e-01
1.8197e+00,2.8574e-01,1.4195e-01
1.8836e+00,2.8929e-01,1.4161e-01
1.9498e+00,2.9282e-01,1.4127e-01
2.0184e+00,2.9633e-01,1.4090e-01
2.0893e+00,2.9984e-01,1.4052e-01
2.1627e+00,3.0332e-01,1.4012e-01
2.2387e+00,3.0679e-01,1.3971e-01
2.3174e+00,3.1024e-01,1.3929e-01
2.3988e+00,3.1367e-01,1.3885e-01
2.4831e+00,3.1709e-01,1.3840e-01
2.5704e+00,3.2049e-01,1.3794e-01
2.6607e+00,3.2387e-01,1.3747e-01
2.7542e+00,3.2723e-01,1.3699e-01
2.8510e+00,3.3058e-01,1.3649e-01
2.9512e+00,3.3391e-01,1.3599e-01
3.0549e+00,3.3722e-01,1.3548e-01
3.1623e+00,3.4052e-01,1.3496e-01
3.2734e+00,3.4379e-01,1.3443e-01
3.3884e+00,3.4705e-01,1.3390e-01
3.5075e+00,3.5029e-01,1.3335e-01
3.6308e+00,3.5352e-01,1.3280e-01
3.7584e+00,3.5672e-01,1.3225e-01
3.8905e+00,3.5991e-01,1.3169e-01
4.0272e+00,3.6308e-01,1.3112e-01
4.1687e+00,3.6624e-01,1.3055e-01
4.3152e+00,3.6937e-01,1.2998e-01
4.4668e+00,3.7249e-01,1.2940e-01
4.6238e+00,3.7560e-01,1.2881e-01
4.7863e+00,3.7868e-01,1.2822e-01
4.9545e+00,3.8175e-01,1.2763e-01
5.1286e+00,3.8480e-01,1.2704e-01
5.3088e+00,3.8783e-01,1.2644e-01
5.4954e+00,3.9085e-01,1.2584e-01
5.6885e+00,3.9385e-01,1.2524e-01
5.8884e+00,3.9683e-01,1.2464e-01
6.0954e+00,3.9979e-01,1.2403e-01
6.3096e+00,4.0274e-01,1.2343e-01
6.5313e+00,4.0568e-01,1.2282e-01
6.7608e+00,4.0859e-01,1.2221e-01
6.9984e+00,4.1149e-01,1.2160e-01
7.2444e+00,4.1437e-01,1.2099e-01
7.4989e+00,4.1724e-01,1.2038e-01
7.7625e+00,4.2009e-01,1.1977e-01
8.0353e+00,4.2293e-01,1.1916e-01
8.3176e+00,4.2575e-01,1.1854e-01
8.6099e+00,4.2855e-01,1.1793e-01
8.9125e+00,4.3134e-01,1.1732e-01
9.2257e+00,4.3411e-01,1.1671e-01
9.5499e+00,4.3686e-01,1.1610e-01
9.8855e+00,4.3960e-01,1.1549e-01
1.0233e+01,4.4233e-01,1.1488e-01
1.0593e+01,4.4504e-01,1.1428e-01
1.0965e+01,4.4773e-01,1.1367e-01
1.1350e+01,4.5041e-01,1.1306e-01
1.1749e+01,4.5307e-01,1.1246e-01
1.2162e+01,4.5572e-01,1.1186e-01
1.2589e+01,4.5835e-01,1.1125e-01
1.3032e+01,4.6097e-01,1.1065e-01
1.3490e+01,4.6357e-01,1.1005e-01
1.3964e+01,4.6616e-01,1.0946e-01
1.4454e+01,4.6873e-01,1.0886e-01
1.4962e+01,4.7129e-01,1.0827e-01
1.5488e+01,4.7384e-01,1.0768e-01
1.6032e+01,4.7637e-01,1.0709e-01
1.6596e+01,4.7888e-01,1.0650e-01
1.7179e+01,4.8138e-01,1.0591e-01
1.7783e+01,4.8387e-01,1.0533e-01
1.8408e+01,4.8634e-01,1.0475e-01
1.9055e+01,4.8880e-01,1.0417e-01
1.9724e+01,4.9124e-01,1.0359e-01
2.0417e+01,4.9367e-01,1.0302e-01
2.1135e+01,4.9609e-01,1.0244e-01
2.1878e+01,4.9849e-01,1.0187e-01
2.2646e+01,5.0088e-01,1.0130e-01
2.3442e+01,5.0325e-01,1.0074e-01
2.4266e+01,5.0561e-01,1.0018e-01
2.5119e+01,5.0796e-01,9.9616e-02
2.6002e+01,5.1029e-01,9.9059e-02
2.6915e+01,5.1261e-01,9.8504e-02
2.7861e+01,5.1492e-01,9.7951e-02
2.8840e+01,5.1721e-01,9.7402e-02
2.9854e+01,5.1949e-01,9.6855e-02
3.0903e+01,5.2176e-01,9.6311e-02
3.1989e+01,5.2401e-01,9.5769e-02
3.3113e+01,5.2626e-01,9.5231e-02
3.4277e+01,5.2848e-01,9.4695e-02
3.5481e+01,5.3070e-01,9.4162e-02
3.6728e+01,5.3290e-01,9.3632e-02
3.8019e+01,5.3509e-01,9.3105e-02
3.9355e+01,5.3726e-01,9.2581e-02
4.0738e+01,5.3943e-01,9.2060e-02
4.2170e+01,5.4158e-01,9.1541e-02
4.3652e+01,5.4372e-01,9.1026e-02
4.5186e+01,5.4584e-01,9.0514e-02
4.6774e+01,5.4796e-01,9.0005e-02
4.8417e+01,5.5006e-01,8.9499e-02
5.0119e+01,5.5214e-01,8.8996e-02
5.1880e+01,5.5422e-01,8.8496e-02
5.3703e+01,5.5629e-01,8.7999e-02
5.5590e+01,5.5834e-01,8.7505e-02
5.7544e+01,5.6038e-01,8.7015e-02
5.9566e+01,5.6241e-01,8.6527e-02
6.1660e+01,5.6442e-01,8.6043e-02
6.3826e+01,5.6643e-01,8.5562e-02
6.6069e+01,5.6842e-01,8.5084e-02
6.8391e+01,5.7040e-01,8.4610e-02
7.0795e+01,5.7237e-01,8.4138e-02
7.3282e+01,5.7433e-01,8.3670e-02
7.5858e+01,5.7628e-01,8.3205e-02
7.8524e+01,5.7822e-01,8.2744e-02
8.1283e+01,5.8014e-01,8.2285e-02
8.4140e+01,5.8205e-01,8.1830e-02
8.7096e+01,5.8396e-01,8.1378e-02
9.0157e+01,5.8585e-01,8.0930e-02
9.3325e+01,5.8773e-01,8.0485e-02
9.6605e+01,5.8960e-01,8.0043e-02
1.0000e+02,5.9146e-01,7.9604e-02
1.0351e+02,5.9331e-01,7.9169e-02
1.0715e+02,5.9514e-01,7.8737e-02
1.1092e+02,5.9697e-01,7.8308e-02
1.1482e+02,5.9879e-01,7.7883e-02
1.1885e+02,6.0059e-01,7.7461e-02
1.2303e+02,6.0239e-01,7.7042e-02
1.2735e+02,6.0417e-01,7.6627e-02
1.3183e+02,6.0595e-01,7.6215e-02
1.3646e+02,6.0771e-01,7.5806e-02
1.4125e+02,6.0947e-01,7.5401e-02
1.4622e+02,6.1122e-01,7.4999e-02
1.5136e+02,6.1295e-01,7.4600e-02
1.5668e+02,6.1468e-01,7.4205e-02
1.6218e+02,6.1639e-01,7.3813e-02
1.6788e+02,6.1810e-01,7.3424e-02
1.7378e+02,6.1980e-01,7.3039e-02
1.7989e+02,6.2148e-01,7.2657e-02
1.8621e+02,6.2316e-01,7.2279e-02
1.9275e+02,6.2483e-01,7.1903e-02
1.9953e+02,6.2649e-01,7.1531e-02
2.0654e+02,6.2814e-01,7.1163e-02
2.1380e+02,6.2978e-01,7.0797e-02
2.2131e+02,6.3142e-01,7.0435e-02
2.2909e+02,6.3304e-01,7.0077e-02
2.3714e+02,6.3465e-01,6.9721e-02
2.4547e+02,6.3626e-01,6.9369e-02
2.5410e+02,6.3786e-01,6.9020e-02
2.6303e+02,6.3945e-01,6.8675e-02
2.7227e+02,6.4103e-01,6.8332e-02
2.8184e+02,6.4260e-01,6.7993e-02
2.9174e+02,6.4416e-01,6.7657e-02
3.0200e+02,6.4572e-01,6.7325e-02
3.1261e+02,6.4726e-01,6.6996e-02
3.2359e+02,6.4880e-01,6.6669e-02
3.3497e+02,6.5033e-01,6.6346e-02
3.4674e+02,6.5186e-01,6.6027e-02
3.5892e+02,6.5337e-01,6.5710e-02
3.7154e+02,6.5488e-01,6.5397e-02
3.8459e+02,6.5638e-01,6.5086e-02
3.9811e+02,6.5787e-01,6.4779e-02
4.1210e+02,6.5936e-01,6.4475e-02
4.2658e+02,6.6083e-01,6.4174e-02
4.4157e+02,6.6230e-01,6.3877e-02
4.5709e+02,6.6377e-01,6.3582e-02
4.7315e+02,6.6522e-01,6.3290e-02
4.8978e+02,6.6667e-01,6.3002e-02
5.0699e+02,6.6811e-01,6.2716e-02
5.2481e+02,6.6955e-01,6.2433e-02
5.4325e+02,6.7097e-01,6.2154e-02
5.6234e+02,6.7239e-01,6.1877e-02
5.8210e+02,6.7381e-01,6.1604e-02
6.0256e+02,6.7521e-01,6.1333e-02
6.2373e+02,6.7661e-01,6.1065e-02
6.4565e+02,6.7801e-01,6.0801e-02
6.6834e+02,6.7939e-01,6.0539e-02
6.9183e+02,6.8077e-01,6.0280e-02
7.1614e+02,6.8215e-01,6.0023e-02
7.4131e+02,6.8352e-01,5.9770e-02
7.6736e+02,6.8488e-01,5.9520e-02
7.9433e+02,6.8623e-01,5.9272e-02
8.2224e+02,6.8758e-01,5.9027e-02
8.5114e+02,6.8892e-01,5.8785e-02
8.8105e+02,6.9026e-01,5.8545e-02
9.1201e+02,6.9159e-01,5.8308e-02
9.4406e+02,6.9292e-01,5.8074e-02
9.7724e+02,6.9424e-01,5.7843e-02
1.0116e+03,6.9555e-01,5.7614e-02
1.0471e+03,6.9686e-01,5.7388e-02
1.0839e+03,6.9817e-01,5.7164e-02
1.1220e+03,6.9946e-01,5.6943e-02
1.1614e+03,7.0076e-01,5.6725e-02
1.2023e+03,7.0204e-01,5.6509e-02
1.2445e+03,7.0332e-01,5.6296e-02
1.2882e+03,7.0460e-01,5.6085e-02
1.3335e+03,7.0587e-01,5.5876e-02
1.3804e+03,7.0714e-01,5.5670e-02
1.4289e+03,7.0840e-01,5.5467e-02
1.4791e+03,7.0966e-01,5.5266e-02
1.5311e+03,7.1091e-01,5.5067e-02
1.5849e+03,7.1215e-01,5.4870e-02
1.6406e+03,7.1340e-01,5.4676e-02
1.6982e+03,7.1463e-01,5.4484e-02
1.7579e+03,7.1586e-01,5.4295e-02
1.8197e+03,7.1709e-01,5.4107e-02
1.8836e+03,7.1831e-01,5.3922e-02
1.9498e+03,7.1953e-01,5.3739e-02
2.0184e+03,7.2075e-01,5.3558e-02
2.0893e+03,7.2196e-01,5.3380e-02
2.1627e+03,7.2316e-01,5.3203e-02
2.2387e+03,7.2436e-01,5.3029e-02
2.3174e+03,7.2556e-01,5.2856e-02
2.3988e+03,7.2675e-01,5.2686e-02
2.4831e+03,7.2794e-01,5.2518e-02
2.5704e+03,7.2913e-01,5.2351e-02
2.6607e+03,7.3031e-01,5.2187e-02
2.7542e+03,7.3148e-01,5.2024e-02
2.8510e+03,7.3265e-01,5.1864e-02
2.9512e+03,7.3382e-01,5.1705e-02
3.0549e+03,7.3499e-01,5.1548e-02
3.1623e+03,7.3615e-01,5.1393e-02
3.2734e+03,7.3731e-01,5.1240e-02
3.3884e+03,7.3846e-01,5.1089e-02
3.5075e+03,7.3961e-01,5.0939e-02
3.6308e+03,7.4075e-01,5.0791e-02
3.7584e+03,7.4190e-01,5.0645e-02
3.8905e+03,7.4304e-01,5.0500e-02
4.0272e+03,7.4417e-01,5.0357e-02
4.1687e+03,7.4530e-01,5.0216e-02
4.3152e+03,7.4643e-01,5.0076e-02
4.4668e+03,7.4756e-01,4.9938e-02
4.6238e+03,7.4868e-01,4.9802e-02
4.7863e+03,7.4980e-01,4.9667e-02
4.9545e+03,7.5091e-01,4.9533e-02
5.1286e+03,7.5202e-01,4.9401e-02
5.3088e+03,7.5313e-01,4.9270e-02
5.4954e+03,7.5424e-01,4.9141e-02
5.6885e+03,7.5534e-01,4.9013e-02
5.8884e+03,7.5644e-01,4.8887e-02
6.0954e+03,7.5754e-01,4.8762e-02
6.3096e+03,7.5863e-01,4.8638e-02
6.5313e+03,7.5972e-01,4.8515e-02
6.7608e+03,7.6081e-01,4.8394e-02
6.9984e+03,7.6190e-01,4.8274e-02
7.2444e+03,7.6298e-01,4.8155e-02
7.4989e+03,7.6406e-01,4.8037e-02
7.7625e+03,7.6513e-01,4.7921e-02
8.0353e+03,7.6621e-01,4.7806e-02
8.3176e+03,7.6728e-01,4.7691e-02
8.6099e+03,7.6834e-01,4.7578e-02
8.9125e+03,7.6941e-01,4.7466e-02
9.2257e+03,7.7047e-01,4.7355e-02
9.5499e+03,7.7153e-01,4.7245e-02
9.8855e+03,7.7259e-01,4.7136e-02
1.0233e+04,7.7365e-01,4.7028e-02
1.0593e+04,7.7470e-01,4.6921e-02
1.0965e+04,7.7575e-01,4.6814e-02
1.1350e+04,7.7679e-01,4.6709e-02
1.1749e+04,7.7784e-01,4.6605e-02
1.2162e+04,7.7888e-01,4.6501e-02
1.2589e+04,7.7992e-01,4.6398e-02
1.3032e+04,7.8096e-01,4.6296e-02
1.3490e+04,7.8199e-01,4.6195e-02
1.3964e+04,7.8303e-01,4.6094e-02
1.4454e+04,7.8406e-01,4.5995e-02
1.4962e+04,7.8508e-01,4.5896e-02
1.5488e+04,7.8611e-01,4.5797e-02
1.6032e+04,7.8713e-01,4.5700e-02
1.6596e+04,7.8815e-01,4.5603e-02
1.7179e+04,7.8917e-01,4.5506e-02
1.7783e+04,7.9019e-01,4.5410e-02
1.8408e+04,7.9120e-01,4.5315e-02
1.9055e+04,7.9222e-01,4.5220e-02
1.9724e+04,7.9323e-01,4.5126e-02
2.0417e+04,7.9423e-01,4.5032e-02
2.1135e+04,7.9524e-01,4.4939e-02
2.1878e+04,7.9624e-01,4.4847e-02
2.2646e+04,7.9724e-01,4.4754e-02
2.3442e+04,7.9824e-01,4.4663e-02
2.4266e+04,7.9924e-01,4.4571e-02
2.5119e+04,8.0023e-01,4.4480e-02
2.6002e+04,8.0123e-01,4.4389e-02
2.6915e+04,8.0222e-01,4.4299e-02
2.7861e+04,8.0320e-01,4.4209e-02
2.8840e+04,8.0419e-01,4.4119e-02
2.9854e+04,8.0518e-01,4.4030e-02
3.0903e+04,8.0616e-01,4.3941e-02
3.1989e+04,8.0714e-01,4.3852e-02
3.3113e+04,8.0812e-01,4.3763e-02
3.4277e+04,8.0909e-01,4.3675e-02
3.5481e+04,8.1007e-01,4.3587e-02
3.6728e+04,8.1104e-01,4.3499e-02
3.8019e+04,8.1201e-01,4.3411e-02
3.9355e+04,8.1298e-01,4.3323e-02
4.0738e+04,8.1394e-01,4.3235e-02
4.2170e+04,8.1491e-01,4.3148e-02
4.3652e+04,8.1587e-01,4.3060e-02
4.5186e+04,8.1683e-01,4.2973e-02
4.6774e+04,8.1779e-01,4.2886e-02
4.8417e+04,8.1874e-01,4.2799e-02
5.0119e+04,8.1970e-01,4.2711e-02
5.1880e+04,8.2065e-01,4.2624e-02
5.3703e+04,8.2160e-01,4.2537e-02
5.5590e+04,8.2255e-01,4.2450e-02
5.7544e+04,8.2349e-01,4.2362e-02
5.9566e+04,8.2444e-01,4.2275e-02
6.1660e+04,8.2538e-01,4.2188e-02
6.3826e+04,8.2632e-01,4.2100e-02
6.6069e+04,8.2726e-01,4.2013e-02
6.8391e+04,8.2819e-01,4.1925e-02
7.0795e+04,8.2913e-01,4.1837e-02
7.3282e+04,8.3006e-01,4.1749e-02
7.5858e+04,8.3099e-01,4.1661e-02
7.8524e+04,8.3192e-01,4.1573e-02
8.1283e+04,8.3285e-01,4.1484e-02
8.4140e+04,8.3377e-01,4.1396e-02
8.7096e+04,8.3469e-01,4.1307e-02
9.0157e+04,8.3561e-01,4.1218e-02
9.3325e+04,8.3653e-01,4.1129e-02
9.6605e+04,8.3745e-01,4.1039e-02
1.0000e+05,8.3836e-01,4.0949e-02
1.0351e+05,8.3927e-01,4.0859e-02
1.0715e+05,8.4018e-01,4.0769e-02
1.1092e+05,8.4109e-01,4.0678e-02
1.1482e+05,8.4200e-01,4.0588e-02
1.1885e+05,8.4290e-01,4.0496e-02
1.2303e+05,8.4381e-01,4.0405e-02
1.2735e+05,8.4471e-01,4.0313e-02
1.3183e+05,8.4560e-01,4.0221e-02
1.3646e+05,8.4650e-01,4.0128e-02
1.4125e+05,8.4739e-01,4.0035e-02
1.4622e+05,8.4829e-01,3.9942e-02
1.5136e+05,8.4918e-01,3.9849e-02
1.5668e+05,8.5006e-01,3.9755e-02
1.6218e+05,8.5095e-01,3.9660e-02
1.6788e+05,8.5183e-01,3.9565e-02
1.7378e+05,8.5271e-01,3.9470e-02
1.7989e+05,8.5359e-01,3.9375e-02
1.8621e+05,8.5447e-01,3.9279e-02
1.9275e+05,8.5535e-01,3.9182e-02
1.9953e+05,8.5622e-01,3.9085e-02
2.0654e+05,8.5709e-01,3.8988e-02
2.1380e+05,8.5796e-01,3.8890e-02
2.2131e+05,8.5882e-01,3.8792e-02
2.2909e+05,8.5969e-01,3.8693e-02
2.3714e+05,8.6055e-01,3.8594e-02
2.4547e+05,8.6141e-01,3.8494e-02
2.5410e+05,8.6227e-01,3.8394e-02
2.6303e+05,8.6312e-01,3.8293e-02
2.7227e+05,8.6398e-01,3.8192e-02
2.8184e+05,8.6483e-01,3.8090e-02
2.9174e+05,8.6568e-01,3.7988e-02
3.0200e+05,8.6652e-01,3.7886e-02
3.1261e+05,8.6737e-01,3.7783e-02
3.2359e+05,8.6821e-01,3.7679e-02
3.3497e+05,8.6905e-01,3.7575e-02
3.4674e+05,8.6988e-01,3.7470e-02
3.5892e+05,8.7072e-01,3.7365e-02
3.7154e+05,8.7155e-01,3.7259e-02
3.8459e+05,8.7238e-01,3.7153e-02
3.9811e+05,8.7321e-01,3.7046e-02
4.1210e+05,8.7403e-01,3.6938e-02
4.2658e+05,8.7486e-01,3.6830e-02
4.4157e+05,8.7568e-01,3.6722e-02
4.5709e+05,8.7650e-01,3.6613e-02
4.7315e+05,8.7731e-01,3.6503e-02
4.8978e+05,8.7813e-01,3.6393e-02
5.0699e+05,8.7894e-01,3.6283e-02
5.2481e+05,8.7974e-01,3.6172e-02
5.4325e+05,8.8055e-01,3.6060e-02
5.6234e+05,8.8135e-01,3.5948e-02
5.8210e+05,8.8215e-01,3.5835e-02
6.0256e+05,8.8295e-01,3.5721e-02
6.2373e+05,8.8375e-01,3.5607e-02
6.4565e+05,8.8454e-01,3.5493e-02
6.6834e+05,8.8533e-01,3.5378e-02
6.9183e+05,8.8612e-01,3.5262e-02
7.1614e+05,8.8691e-01,3.5146e-02
7.4131e+05,8.8769e-01,3.5029e-02
7.6736e+05,8.8847e-01,3.4912e-02
7.9433e+05,8.8925e-01,3.4794e-02
8.2224e+05,8.9002e-01,3.4676e-02
8.5114e+05,8.9080e-01,3.4557e-02
8.8105e+05,8.9157e-01,3.4438e-02
9.1201e+05,8.9233e-01,3.4318e-02
9.4406e+05,8.9310e-01,3.4197e-02
9.7724e+05,8.9386e-01,3.4076e-02
1.0116e+06,8.9462e-01,3.3955e-02
1.0471e+06,8.9538e-01,3.3833e-02
1.0839e+06,8.9613e-01,3.3710e-02
1.1220e+06,8.9688e-01,3.3587e-02
1.1614e+06,8.9763e-01,3.3463e-02
1.2023e+06,8.9838e-01,3.3339e-02
1.2445e+06,8.9912e-01,3.3215e-02
1.2882e+06,8.9986e-01,3.3089e-02
1.3335e+06,9.0060e-01,3.2964e-02
1.3804e+06,9.0133e-01,3.2838e-02
1.4289e+06,9.0206e-01,3.2711e-02
1.4791e+06,9.0279e-01,3.2584e-02
1.5311e+06,9.0352e-01,3.2456e-02
1.5849e+06,9.0424e-01,3.2328e-02
1.6406e+06,9.0496e-01,3.2199e-02
1.6982e+06,9.0568e-01,3.2070e-02
1.7579e+06,9.0639e-01,3.1941e-02
1.8197e+06,9.0711e-01,3.1811e-02
1.8836e+06,9.0781e-01,3.1680e-02
1.9498e+06,9.0852e-01,3.1549e-02
2.0184e+06,9.0922e-01,3.1418e-02
2.0893e+06,9.0992e-01,3.1286e-02
2.1627e+06,9.1062e-01,3.1154e-02
2.2387e+06,9.1132e-01,3.1021e-02
2.3174e+06,9.1201e-01,3.0888e-02
2.3988e+06,9.1269e-01,3.0755e-02
2.4831e+06,9.1338e-01,3.0621e-02
2.5704e+06,9.1406e-01,3.0486e-02
2.6607e+06,9.1474e-01,3.0352e-02
2.7542e+06,9.1542e-01,3.0217e-02
2.8510e+06,9.1609e-01,3.0081e-02
2.9512e+06,9.1676e-01,2.9945e-02
3.0549e+06,9.1743e-01,2.9809e-02
3.1623e+06,9.1809e-01,2.9673e-02
3.2734e+06,9.1875e-01,2.9536e-02
3.3884e+06,9.1941e-01,2.9398e-02
3.5075e+06,9.2007e-01,2.9261e-02
3.6308e+06,9.2072e-01,2.9123e-02
3.7584e+06,9.2137e-01,2.8985e-02
3.8905e+06,9.2201e-01,2.8846e-02
4.0272e+06,9.2266e-01,2.8707e-02
4.1687e+06,9.2330e-01,2.8568e-02
4.3152e+06,9.2393e-01,2.8429e-02
4.4668e+06,9.2457e-01,2.8289e-02
4.6238e+06,9.2520e-01,2.8149e-02
4.7863e+06,9.2582e-01,2.8008e-02
4.9545e+06,9.2645e-01,2.7868e-02
5.1286e+06,9.2707e-01,2.7727e-02
5.3088e+06,9.2769e-01,2.7586e-02
5.4954e+06,9.2830e-01,2.7445e-02
5.6885e+06,9.2891e-01,2.7303e-02
5.8884e+06,9.2952e-01,2.7162e-02
6.0954e+06,9.3012e-01,2.7020e-02
6.3096e+06,9.3073e-01,2.6878e-02
6.5313e+06,9.3132e-01,2.6735e-02
6.7608e+06,9.3192e-01,2.6593e-02
6.9984e+06,9.3251e-01,2.6450e-02
7.2444e+06,9.3310e-01,2.6307e-02
7.4989e+06,9.3369e-01,2.6164e-02
7.7625e+06,9.3427e-01,2.6021e-02
8.0353e+06,9.3485e-01,2.5878e-02
8.3176e+06,9.3543e-01,2.5735e-02
8.6099e+06,9.3600e-01,2.5591e-02
8.9125e+06,9.3657e-01,2.5448e-02
9.2257e+06,9.3713e-01,2.5304e-02
9.5499e+06,9.3770e-01,2.5160e-02
9.8855e+06,9.3826e-01,2.5016e-02
1.0233e+07,9.3881e-01,2.4872e-02
1.0593e+07,9.3937e-01,2.4728e-02
1.0965e+07,9.3992e-01,2.4584e-02
1.1350e+07,9.4047e-01,2.4440e-02
1.1749e+07,9.4101e-01,2.4296e-02
1.2162e+07,9.4155e-01,2.4152e-02
1.2589e+07,9.4209e-01,2.4008e-02
1.3032e+07,9.4262e-01,2.3864e-02
1.3490e+07,9.4315e-01,2.3720e-02
1.3964e+07,9.4368e-01,2.3575e-02
1.4454e+07,9.4421e-01,2.3431e-02
1.4962e+07,9.4473e-01,2.3287e-02
1.5488e+07,9.4525e-01,2.3143e-02
1.6032e+07,9.4576e-01,2.2999e-02
1.6596e+07,9.4627e-01,2.2855e-02
1.7179e+07,9.4678e-01,2.2711e-02
1.7783e+07,9.4729e-01,2.2568e-02
1.8408e+07,9.4779e-01,2.2424e-02
1.9055e+07,9.4829e-01,2.2280e-02
1.9724e+07,9.4878e-01,2.2137e-02
2.0417e+07,9.4928e-01,2.1993e-02
2.1135e+07,9.4976e-01,2.1850e-02
2.1878e+07,9.5025e-01,2.1707e-02
2.2646e+07,9.5073e-01,2.1564e-02
2.3442e+07,9.5121e-01,2.1421e-02
2.4266e+07,9.5169e-01,2.1278e-02
2.5119e+07,9.5216e-01,2.1136e-02
2.6002e+07,9.5263e-01,2.0993e-02
2.6915e+07,9.5310e-01,2.0851e-02
2.7861e+07,9.5356e-01,2.0709e-02
2.8840e+07,9.5402e-01,2.0567e-02
2.9854e+07,9.5448e-01,2.0426e-02
3.0903e+07,9.5493e-01,2.0284e-02
3.1989e+07,9.5538e-01,2.0143e-02
3.3113e+07,9.5583e-01,2.0002e-02
3.4277e+07,9.5628e-01,1.9862e-02
3.5481e+07,9.5672e-01,1.9721e-02
3.6728e+07,9.5716e-01,1.9581e-02
3.8019e+07,9.5759e-01,1.9441e-02
3.9355e+07,9.5802e-01,1.9302e-02
4.0738e+07,9.5845e-01,1.9162e-02
4.2170e+07,9.5888e-01,1.9023e-02
4.3652e+07,9.5930e-01,1.8885e-02
4.5186e+07,9.5972e-01,1.8746e-02
4.6774e+07,9.6014e-01,1.8608e-02
4.8417e+07,9.6055e-01,1.8470e-02
5.0119e+07,9.6096e-01,1.8333e-02
5.1880e+07,9.6137e-01,1.8196e-02
5.3703e+07,9.6177e-01,1.8059e-02
5.5590e+07,9.6217e-01,1.7923e-02
5.7544e+07,9.6257e-01,1.7787e-02
5.9566e+07,9.6296e-01,1.7651e-02
6.1660e+07,9.6336e-01,1.7516e-02
6.3826e+07,9.6375e-01,1.7381e-02
6.6069e+07,9.6413e-01,1.7246e-02
6.8391e+07,9.6451e-01,1.7112e-02
7.0795e+07,9.6489e-01,1.6978e-02
7.3282e+07,9.6527e-01,1.6845e-02
7.5858e+07,9.6564e-01,1.6712e-02
7.8524e+07,9.6601e-01,1.6580e-02
8.1283e+07,9.6638e-01,1.6448e-02
8.4140e+07,9.6675e-01,1.6316e-02
8.7096e+07,9.6711e-01,1.6185e-02
9.0157e+07,9.6747e-01,1.6054e-02
9.3325e+07,9.6782e-01,1.5924e-02
9.6605e+07,9.6818e-01,1.5794e-02
1.0000e+08,9.6853e-01,1.5665e-02
1.0351e+08,9.6888e-01,1.5536e-02
1.0715e+08,9.6922e-01,1.5408e-02
1.1092e+08,9.6956e-01,1.5280e-02
1.1482e+08,9.6990e-01,1.5152e-02
1.1885e+08,9.7024e-01,1.5025e-02
1.2303e+08,9.7057e-01,1.4899e-02
1.2735e+08,9.7090e-01,1.4773e-02
1.3183e+08,9.7123e-01,1.4648e-02
1.3646e+08,9.7155e-01,1.4523e-02
1.4125e+08,9.7187e-01,1.4398e-02
1.4622e+08,9.7219e-01,1.4275e-02
1.5136e+08,9.7251e-01,1.4151e-02
1.5668e+08,9.7282e-01,1.4028e-02
1.6218e+08,9.7313e-01,1.3906e-02
1.6788e+08,9.7344e-01,1.3785e-02
1.7378e+08,9.7375e-01,1.3663e-02
1.7989e+08,9.7405e-01,1.3543e-02
1.8621e+08,9.7435e-01,1.3423e-02
1.9275e+08,9.7465e-01,1.3303e-02
1.9953e+08,9.7494e-01,1.3185e-02
2.0654e+08,9.7523e-01,1.3066e-02
2.1380e+08,9.7552e-01,1.2948e-02
2.2131e+08,9.7581e-01,1.2831e-02
2.2909e+08,9.7609e-01,1.2715e-02
2.3714e+08,9.7637e-01,1.2599e-02
2.4547e+08,9.7665e-01,1.2483e-02
2.5410e+08,9.7693e-01,1.2369e-02
2.6303e+08,9.7720e-01,1.2254e-02
2.7227e+08,9.7747e-01,1.2141e-02
2.8184e+08,9.7774e-01,1.2028e-02
2.9174e+08,9.7801e-01,1.1915e-02
3.0200e+08,9.7827e-01,1.1804e-02
3.1261e+08,9.7853e-01,1.1692e-02
3.2359e+08,9.7879e-01,1.1582e-02
3.3497e+08,9.7905e-01,1.1472e-02
3.4674e+08,9.7930e-01,1.1362e-02
3.5892e+08,9.7955e-01,1.1254e-02
3.7154e+08,9.7980e-01,1.1146e-02
3.8459e+08,9.8005e-01,1.1038e-02
3.9811e+08,9.8029e-01,1.0931e-02
4.1210e+08,9.8053e-01,1.0825e-02
4.2658e+08,9.8077e-01,1.0720e-02
4.4157e+08,9.8101e-01,1.0615e-02
4.5709e+08,9.8124e-01,1.0510e-02
4.7315e+08,9.8148e-01,1.0407e-02
4.8978e+08,9.8171e-01,1.0304e-02
5.0699e+08,9.8193e-01,1.0201e-02
5.2481e+08,9.8216e-01,1.0099e-02
5.4325e+08,9.8238e-01,9.9983e-03
5.6234e+08,9.8260e-01,9.8978e-03
5.8210e+08,9.8282e-01,9.7980e-03
6.0256e+08,9.8304e-01,9.6988e-03
6.2373e+08,9.8325e-01,9.6003e-03
6.4565e+08,9.8346e-01,9.5024e-03
6.6834e+08,9.8367e-01,9.4052e-03
6.9183e+08,9.8388e-01,9.3086e-03
7.1614e+08,9.8409e-01,9.2127e-03
7.4131e+08,9.8429e-01,9.1174e-03
7.6736e+08,9.8449e-01,9.0227e-03
7.9433e+08,9.8469e-01,8.9288e-03
8.2224e+08,9.8489e-01,8.8354e-03
8.5114e+08,9.8508e-01,8.7428e-03
8.8105e+08,9.8527e-01,8.6508e-03
9.1201e+08,9.8547e-01,8.5594e-03
9.4406e+08,9.8565e-01,8.4687e-03
9.7724e+08,9.8584e-01,8.3786e-03
1.0116e+09,9.8603e-01,8.2892e-03
1.0471e+09,9.8621e-01,8.2004e-03
1.0839e+09,9.8639e-01,8.1123e-03
1.1220e+09,9.8657e-01,8.0249e-03
1.1614e+09,9.8675e-01,7.9381e-03
1.2023e+09,9.8692e-01,7.8519e-03
1.2445e+09,9.8709e-01,7.7664e-03
1.2882e+09,9.8726e-01,7.6815e-03
1.3335e+09,9.8743e-01,7.5973e-03
1.3804e+09,9.8760e-01,7.5138e-03
1.4289e+09,9.8777e-01,7.4309e-03
1.4791e+09,9.8793e-01,7.3486e-03
1.5311e+09,9.8809e-01,7.2670e-03
1.5849e+09,9.8825e-01,7.1860e-03
1.6406e+09,9.8841e-01,7.1057e-03
1.6982e+09,9.8857e-01,7.0260e-03
1.7579e+09,9.8872e-01,6.9469e-03
1.8197e+09,9.8887e-01,6.8685e-03
1.8836e+09,9.8903e-01,6.7907e-03
1.9498e+09,9.8918e-01,6.7136e-03
2.0184e+09,9.8932e-01,6.6371e-03
2.0893e+09,9.8947e-01,6.5612e-03
2.1627e+09,9.8961e-01,6.4860e-03
2.2387e+09,9.8976e-01,6.4113e-03
2.3174e+09,9.8990e-01,6.3374e-03
2.3988e+09,9.9004e-01,6.2640e-03
2.4831e+09,9.9018e-01,6.1913e-03
2.5704e+09,9.9031e-01,6.1192e-03
2.6607e+09,9.9045e-01,6.0477e-03
2.7542e+09,9.9058e-01,5.9768e-03
2.8510e+09,9.9071e-01,5.9065e-03
2.9512e+09,9.9084e-01,5.8369e-03
3.0549e+09,9.9097e-01,5.7679e-03
3.1623e+09,9.9110e-01,5.6995e-03
3.2734e+09,9.9122e-01,5.6317e-03
3.3884e+09,9.9135e-01,5.5645e-03
3.5075e+09,9.9147e-01,5.4979e-03
3.6308e+09,9.9159e-01,5.4319e-03
3.7584e+09,9.9171e-01,5.3665e-03
3.8905e+09,9.9183e-01,5.3017e-03
4.0272e+09,9.9194e-01,5.2375e-03
4.1687e+09,9.9206e-01,5.1739e-03
4.3152e+09,9.9217e-01,5.1108e-03
4.4668e+09,9.9228e-01,5.0484e-03
4.6238e+09,9.9239e-01,4.9865e-03
4.7863e+09,9.9250e-01,4.9253e-03
4.9545e+09,9.9261e-01,4.8646e-03
5.1286e+09,9.9272e-01,4.8045e-03
5.3088e+09,9.9282e-01,4.7449e-03
5.4954e+09,9.9293e-01,4.6859e-03
5.6885e+09,9.9303e-01,4.6275e-03
5.8884e+09,9.9313e-01,4.5697e-03
6.0954e+09,9.9323e-01,4.5124e-03
6.3096e+09,9.9333e-01,4.4557e-03
6.5313e+09,9.9343e-01,4.3995e-03
6.7608e+09,9.9353e-01,4.3439e-03
6.9984e+09,9.9362e-01,4.2889e-03
7.2444e+09,9.9372e-01,4.2344e-03
7.4989e+09,9.9381e-01,4.1804e-03
7.7625e+09,9.9390e-01,4.1270e-03
8.0353e+09,9.9399e-01,4.0741e-03
8.3176e+09,9.9408e-01,4.0217e-03
8.6099e+09,9.9417e-01,3.9699e-03
8.9125e+09,9.9426e-01,3.9186e-03
9.2257e+09,9.9434e-01,3.8679e-03
9.5499e+09,9.9443e-01,3.8176e-03
9.8855e+09,9.9451e-01,3.7679e-03
1.0233e+10,9.9459e-01,3.7187e-03
1.0593e+10,9.9468e-01,3.6700e-03
1.0965e+10,9.9476e-01,3.6218e-03
1.1350e+10,9.9484e-01,3.5741e-03
1.1749e+10,9.9491e-01,3.5270e-03
1.2162e+10,9.9499e-01,3.4803e-03
1.2589e+10,9.9507e-01,3.4341e-03
1.3032e+10,9.9514e-01,3.3884e-03
1.3490e+10,9.9522e-01,3.3433e-03
1.3964e+10,9.9529e-01,3.2986e-03
1.4454e+10,9.9536e-01,3.2543e-03
1.4962e+10,9.9544e-01,3.2106e-03
1.5488e+10,9.9551e-01,3.1673e-03
1.6032e+10,9.9557e-01,3.1245e-03
1.6596e+10,9.9564e-01,3.0822e-03
1.7179e+10,9.9571e-01,3.0404e-03
1.7783e+10,9.9578e-01,2.9990e-03
1.8408e+10,9.9584e-01,2.9581e-03
1.9055e+10,9.9591e-01,2.9176e-03
1.9724e+10,9.9597e-01,2.8776e-03
2.0417e+10,9.9604e-01,2.8380e-03
2.1135e+10,9.9610e-01,2.7989e-03
2.1878e+10,9.9616e-01,2.7602e-03
2.2646e+10,9.9622e-01,2.7220e-03
2.3442e+10,9.9628e-01,2.6842e-03
2.4266e+10,9.9634e-01,2.6468e-03
2.5119e+10,9.9640e-01,2.6099e-03
2.6002e+10,9.9645e-01,2.5734e-03
2.6915e+10,9.9651e-01,2.5373e-03
2.7861e+10,9.9656e-01,2.5016e-03
2.8840e+10,9.9662e-01,2.4664e-03
2.9854e+10,9.9667e-01,2.4315e-03
3.0903e+10,9.9673e-01,2.3971e-03
3.1989e+10,9.9678e-01,2.3631e-03
3.3113e+10,9.9683e-01,2.3295e-03
3.4277e+10,9.9688e-01,2.2962e-03
3.5481e+10,9.9693e-01,2.2634e-03
3.6728e+10,9.9698e-01,2.2310e-03
3.8019e+10,9.9703e-01,2.1989e-03
3.9355e+10,9.9708e-01,2.1673e-03
4.0738e+10,9.9713e-01,2.1360e-03
4.2170e+10,9.9717e-01,2.1051e-03
4.3652e+10,9.9722e-01,2.0746e-03
4.5186e+10,9.9726e-01,2.0444e-03
4.6774e+10,9.9731e-01,2.0147e-03
4.8417e+10,9.9735e-01,1.9852e-03
5.0119e+10,9.9740e-01,1.9562e-03
5.1880e+10,9.9744e-01,1.9275e-03
5.3703e+10,9.9748e-01,1.8992e-03
5.5590e+10,9.9752e-01,1.8712e-03
5.7544e+10,9.9756e-01,1.8436e-03
5.9566e+10,9.9760e-01,1.8163e-03
6.1660e+10,9.9764e-01,1.7893e-03
6.3826e+10,9.9768e-01,1.7627e-03
6.6069e+10,9.9772e-01,1.7365e-03
6.8391e+10,9.9776e-01,1.7105e-03
7.0795e+10,9.9780e-01,1.6849e-03
7.3282e+10,9.9783e-01,1.6596e-03
7.5858e+10,9.9787e-01,1.6347e-03
7.8524e+10,9.9791e-01,1.6101e-03
8.1283e+10,9.9794e-01,1.5857e-03
8.4140e+10,9.9798e-01,1.5617e-03
8.7096e+10,9.9801e-01,1.5381e-03
9.0157e+10,9.9804e-01,1.5147e-03
9.3325e+10,9.9808e-01,1.4916e-03
9.6605e+10,9.9811e-01,1.4688e-03
1.0000e+11,9.9814e-01,1.4464e-03
