   f   ,G_stor ,G_loss 
  Hz   ,  GPa  ,  GPa  
1.0000e-04,5.8650e-07,9.9652e-05
1.0351e-04,6.2033e-07,1.0315e-04
1.0715e-04,6.5610e-07,1.0676e-04
1.1092e-04,6.9394e-07,1.1051e-04
1.1482e-04,7.3396e-07,1.1438e-04
1.1885e-04,7.7629e-07,1.1839e-04
1.2303e-04,8.2106e-07,1.2254e-04
1.2735e-04,8.6842e-07,1.2684e-04
1.3183e-04,9.1850e-07,1.3128e-04
1.3646e-04,9.7147e-07,1.3588e-04
1.4125e-04,1.0275e-06,1.4064e-04
1.4622e-04,1.0868e-06,1.4557e-04
1.5136e-04,1.1494e-06,1.5067e-04
1.5668e-04,1.2157e-06,1.5595e-04
1.6218e-04,1.2858e-06,1.6142e-04
1.6788e-04,1.3600e-06,1.6707e-04
1.7378e-04,1.4384e-06,1.7293e-04
1.7989e-04,1.5214e-06,1.7898e-04
1.8621e-04,1.6091e-06,1.8525e-04
1.9275e-04,1.7019e-06,1.9174e-04
1.9953e-04,1.8001e-06,1.9846e-04
2.0654e-04,1.9039e-06,2.0541e-04
2.1380e-04,2.0137e-06,2.1260e-04
2.2131e-04,2.1298e-06,2.2005e-04
2.2909e-04,2.2526e-06,2.2775e-04
2.3714e-04,2.3825e-06,2.3572e-04
2.4547e-04,2.5199e-06,2.4397e-04
2.5410e-04,2.6652e-06,2.5251e-04
2.6303e-04,2.8189e-06,2.6135e-04
2.7227e-04,2.9814e-06,2.7050e-04
2.8184e-04,3.1533e-06,2.7996e-04
2.9174e-04,3.3351e-06,2.8976e-04
3.0200e-04,3.5274e-06,2.9990e-04
3.1261e-04,3.7308e-06,3.1039e-04
3.2359e-04,3.9459e-06,3.2125e-04
3.3497e-04,4.1734e-06,3.3248e-04
3.4674e-04,4.4140e-06,3.4411e-04
3.5892e-04,4.6685e-06,3.5614e-04
3.7154e-04,4.9376e-06,3.6860e-04
3.8459e-04,5.2222e-06,3.8148e-04
3.9811e-04,5.5233e-06,3.9482e-04
4.1210e-04,5.8416e-06,4.0862e-04
4.2658e-04,6.1783e-06,4.2290e-04
4.4157e-04,6.5344e-06,4.3768e-04
4.5709e-04,6.9111e-06,4.5297e-04
4.7315e-04,7.3093e-06,4.6879e-04
4.8978e-04,7.7306e-06,4.8517e-04
5.0699e-04,8.1761e-06,5.0211e-04
5.2481e-04,8.6472e-06,5.1965e-04
5.4325e-04,9.1454e-06,5.3779e-04
5.6234e-04,9.6724e-06,5.5656e-04
5.8210e-04,1.0230e-05,5.7599e-04
6.0256e-04,1.0819e-05,5.9609e-04
6.2373e-04,1.1442e-05,6.1689e-04
6.4565e-04,1.2101e-05,6.3841e-04
6.6834e-04,1.2798e-05,6.6068e-04
6.9183e-04,1.3535e-05,6.8373e-04
7.1614e-04,1.4315e-05,7.0757e-04
7.4131e-04,1.5139e-05,7.3224e-04
7.6736e-04,1.6011e-05,7.5776e-04
7.9433e-04,1.6933e-05,7.8417e-04
8.2224e-04,1.7907e-05,8.1149e-04
8.5114e-04,1.8938e-05,8.3976e-04
8.8105e-04,2.0028e-05,8.6901e-04
9.1201e-04,2.1181e-05,8.9928e-04
9.4406e-04,2.2400e-05,9.3059e-04
9.7724e-04,2.3689e-05,9.6298e-04
1.0116e-03,2.5052e-05,9.9649e-04
1.0471e-03,2.6493e-05,1.0312e-03
1.0839e-03,2.8017e-05,1.0670e-03
1.1220e-03,2.9628e-05,1.1041e-03
1.1614e-03,3.1332e-05,1.1425e-03
1.2023e-03,3.3133e-05,1.1822e-03
1.2445e-03,3.5038e-05,1.2233e-03
1.2882e-03,3.7052e-05,1.2658e-03
1.3335e-03,3.9182e-05,1.3098e-03
1.3804e-03,4.1433e-05,1.3553e-03
1.4289e-03,4.3814e-05,1.4023e-03
1.4791e-03,4.6331e-05,1.4510e-03
1.5311e-03,4.8992e-05,1.5013e-03
1.5849e-03,5.1805e-05,1.5534e-03
1.6406e-03,5.4779e-05,1.6072e-03
1.6982e-03,5.7924e-05,1.6629e-03
1.7579e-03,6.1248e-05,1.7206e-03
1.8197e-03,6.4763e-05,1.7801e-03
1.8836e-03,6.8478e-05,1.8418e-03
1.9498e-03,7.2406e-05,1.9055e-03
2.0184e-03,7.6558e-05,1.9715e-03
2.0893e-03,8.0947e-05,2.0396e-03
2.1627e-03,8.5587e-05,2.1102e-03
2.2387e-03,9.0491e-05,2.1831e-03
2.3174e-03,9.5675e-05,2.2585e-03
2.3988e-03,1.0116e-04,2.3365e-03
2.4831e-03,1.0695e-04,2.4171e-03
2.5704e-03,1.1307e-04,2.5005e-03
2.6607e-03,1.1954e-04,2.5867e-03
2.7542e-03,1.2638e-04,2.6759e-03
2.8510e-03,1.3361e-04,2.7681e-03
2.9512e-03,1.4124e-04,2.8634e-03
3.0549e-03,1.4932e-04,2.9620e-03
3.1623e-03,1.5785e-04,3.0638e-03
3.2734e-03,1.6686e-04,3.1692e-03
3.3884e-03,1.7639e-04,3.2781e-03
3.5075e-03,1.8646e-04,3.3907e-03
3.6308e-03,1.9709e-04,3.5070e-03
3.7584e-03,2.0833e-04,3.6273e-03
3.8905e-03,2.2021e-04,3.7517e-03
4.0272e-03,2.3276e-04,3.8802e-03
4.1687e-03,2.4601e-04,4.0131e-03
4.3152e-03,2.6002e-04,4.1504e-03
4.4668e-03,2.7481e-04,4.2923e-03
4.6238e-03,2.9044e-04,4.4390e-03
4.7863e-03,3.0695e-04,4.5905e-03
4.9545e-03,3.2439e-04,4.7471e-03
5.1286e-03,3.4281e-04,4.9090e-03
5.3088e-03,3.6227e-04,5.0762e-03
5.4954e-03,3.8282e-04,5.2490e-03
5.6885e-03,4.0452e-04,5.4275e-03
5.8884e-03,4.2744e-04,5.6119e-03
6.0954e-03,4.5164e-04,5.8024e-03
6.3096e-03,4.7720e-04,5.9993e-03
6.5313e-03,5.0418e-04,6.2026e-03
6.7608e-03,5.3267e-04,6.4126e-03
6.9984e-03,5.6275e-04,6.6294e-03
7.2444e-03,5.9450e-04,6.8534e-03
7.4989e-03,6.2803e-04,7.0847e-03
7.7625e-03,6.6341e-04,7.3236e-03
8.0353e-03,7.0076e-04,7.5703e-03
8.3176e-03,7.4018e-04,7.8249e-03
8.6099e-03,7.8178e-04,8.0878e-03
8.9125e-03,8.2568e-04,8.3592e-03
9.2257e-03,8.7200e-04,8.6394e-03
9.5499e-03,9.2088e-04,8.9286e-03
9.8855e-03,9.7245e-04,9.2271e-03
1.0233e-02,1.0268e-03,9.5351e-03
1.0593e-02,1.0842e-03,9.8529e-03
1.0965e-02,1.1448e-03,1.0181e-02
1.1350e-02,1.2086e-03,1.0519e-02
1.1749e-02,1.2759e-03,1.0868e-02
1.2162e-02,1.3469e-03,1.1228e-02
1.2589e-02,1.4218e-03,1.1600e-02
1.3032e-02,1.5007e-03,1.1983e-02
1.3490e-02,1.5839e-03,1.2378e-02
1.3964e-02,1.6716e-03,1.2785e-02
1.4454e-02,1.7640e-03,1.3205e-02
1.4962e-02,1.8614e-03,1.3638e-02
1.5488e-02,1.9640e-03,1.4084e-02
1.6032e-02,2.0721e-03,1.4544e-02
1.6596e-02,2.1860e-03,1.5018e-02
1.7179e-02,2.3059e-03,1.5506e-02
1.7783e-02,2.4323e-03,1.6009e-02
1.8408e-02,2.5653e-03,1.6527e-02
1.9055e-02,2.7054e-03,1.7060e-02
1.9724e-02,2.8528e-03,1.7609e-02
2.0417e-02,3.0080e-03,1.8175e-02
2.1135e-02,3.1714e-03,1.8757e-02
2.1878e-02,3.3432e-03,1.9356e-02
2.2646e-02,3.5240e-03,1.9973e-02
2.3442e-02,3.7142e-03,2.0607e-02
2.4266e-02,3.9143e-03,2.1260e-02
2.5119e-02,4.1246e-03,2.1931e-02
2.6002e-02,4.3457e-03,2.2621e-02
2.6915e-02,4.5782e-03,2.3330e-02
2.7861e-02,4.8224e-03,2.4059e-02
2.8840e-02,5.0791e-03,2.4809e-02
2.9854e-02,5.3487e-03,2.5578e-02
3.0903e-02,5.6319e-03,2.6369e-02
3.1989e-02,5.9292e-03,2.7181e-02
3.3113e-02,6.2414e-03,2.8015e-02
3.4277e-02,6.5690e-03,2.8870e-02
3.5481e-02,6.9128e-03,2.9748e-02
3.6728e-02,7.2734e-03,3.0649e-02
3.8019e-02,7.6517e-03,3.1572e-02
3.9355e-02,8.0483e-03,3.2519e-02
4.0738e-02,8.4640e-03,3.3490e-02
4.2170e-02,8.8997e-03,3.4484e-02
4.3652e-02,9.3561e-03,3.5503e-02
4.5186e-02,9.8342e-03,3.6546e-02
4.6774e-02,1.0335e-02,3.7614e-02
4.8417e-02,1.0859e-02,3.8707e-02
5.0119e-02,1.1407e-02,3.9825e-02
5.1880e-02,1.1981e-02,4.0968e-02
5.3703e-02,1.2580e-02,4.2136e-02
5.5590e-02,1.3207e-02,4.3330e-02
5.7544e-02,1.3863e-02,4.4550e-02
5.9566e-02,1.4547e-02,4.5795e-02
6.1660e-02,1.5262e-02,4.7066e-02
6.3826e-02,1.6008e-02,4.8362e-02
6.6069e-02,1.6787e-02,4.9684e-02
6.8391e-02,1.7599e-02,5.1031e-02
7.0795e-02,1.8446e-02,5.2404e-02
7.3282e-02,1.9329e-02,5.3802e-02
7.5858e-02,2.0248e-02,5.5224e-02
7.8524e-02,2.1206e-02,5.6671e-02
8.1283e-02,2.2203e-02,5.8143e-02
8.4140e-02,2.3240e-02,5.9638e-02
8.7096e-02,2.4319e-02,6.1156e-02
9.0157e-02,2.5440e-02,6.2698e-02
9.3325e-02,2.6605e-02,6.4261e-02
9.6605e-02,2.7815e-02,6.5847e-02
1.0000e-01,2.9071e-02,6.7454e-02
1.0351e-01,3.0375e-02,6.9081e-02
1.0715e-01,3.1726e-02,7.0728e-02
1.1092e-01,3.3127e-02,7.2393e-02
1.1482e-01,3.4578e-02,7.4077e-02
1.1885e-01,3.6080e-02,7.5777e-02
1.2303e-01,3.7635e-02,7.7494e-02
1.2735e-01,3.9243e-02,7.9225e-02
1.3183e-01,4.0905e-02,8.0971e-02
1.3646e-01,4.2622e-02,8.2729e-02
1.4125e-01,4.4394e-02,8.4498e-02
1.4622e-01,4.6224e-02,8.6278e-02
1.5136e-01,4.8110e-02,8.8066e-02
1.5668e-01,5.0055e-02,8.9862e-02
1.6218e-01,5.2058e-02,9.1665e-02
1.6788e-01,5.4120e-02,9.3472e-02
1.7378e-01,5.6241e-02,9.5282e-02
1.7989e-01,5.8422e-02,9.7094e-02
1.8621e-01,6.0664e-02,9.8905e-02
1.9275e-01,6.2965e-02,1.0072e-01
1.9953e-01,6.5327e-02,1.0252e-01
2.0654e-01,6.7750e-02,1.0433e-01
2.1380e-01,7.0234e-02,1.0612e-01
2.2131e-01,7.2777e-02,1.0791e-01
2.2909e-01,7.5382e-02,1.0969e-01
2.3714e-01,7.8046e-02,1.1146e-01
2.4547e-01,8.0769e-02,1.1321e-01
2.5410e-01,8.3552e-02,1.1495e-01
2.6303e-01,8.6394e-02,1.1668e-01
2.7227e-01,8.9294e-02,1.1838e-01
2.8184e-01,9.2251e-02,1.2007e-01
2.9174e-01,9.5265e-02,1.2174e-01
3.0200e-01,9.8335e-02,1.2338e-01
3.1261e-01,1.0146e-01,1.2500e-01
3.2359e-01,1.0464e-01,1.2660e-01
3.3497e-01,1.0787e-01,1.2817e-01
3.4674e-01,1.1115e-01,1.2971e-01
3.5892e-01,1.1449e-01,1.3122e-01
3.7154e-01,1.1787e-01,1.3270e-01
3.8459e-01,1.2130e-01,1.3415e-01
3.9811e-01,1.2478e-01,1.3557e-01
4.1210e-01,1.2830e-01,1.3695e-01
4.2658e-01,1.3186e-01,1.3830e-01
4.4157e-01,1.3547e-01,1.3961e-01
4.5709e-01,1.3912e-01,1.4089e-01
4.7315e-01,1.4281e-01,1.4213e-01
4.8978e-01,1.4653e-01,1.4333e-01
5.0699e-01,1.5029e-01,1.4450e-01
5.2481e-01,1.5409e-01,1.4562e-01
5.4325e-01,1.5791e-01,1.4671e-01
5.6234e-01,1.6177e-01,1.4775e-01
5.8210e-01,1.6566e-01,1.4876e-01
6.0256e-01,1.6958e-01,1.4972e-01
6.2373e-01,1.7352e-01,1.5065e-01
6.4565e-01,1.7748e-01,1.5153e-01
6.6834e-01,1.8147e-01,1.5238e-01
6.9183e-01,1.8548e-01,1.5318e-01
7.1614e-01,1.8951e-01,1.5395e-01
7.4131e-01,1.9355e-01,1.5467e-01
7.6736e-01,1.9761e-01,1.5535e-01
7.9433e-01,2.0169e-01,1.5600e-01
8.2224e-01,2.0578e-01,1.5660e-01
8.5114e-01,2.0988e-01,1.5716e-01
8.8105e-01,2.1399e-01,1.5769e-01
9.1201e-01,2.1812e-01,1.5818e-01
9.4406e-01,2.2224e-01,1.5863e-01
9.7724e-01,2.2638e-01,1.5904e-01
1.0116e+00,2.3052e-01,1.5942e-01
1.0471e+00,2.3467e-01,1.5976e-01
1.0839e+00,2.3881e-01,1.6007e-01
1.1220e+00,2.4296e-01,1.6034e-01
1.1614e+00,2.4711e-01,1.6057e-01
1.2023e+00,2.5126e-01,1.6078e-01
1.2445e+00,2.5541e-01,1.6095e-01
1.2882e+00,2.5955e-01,1.6109e-01
1.3335e+00,2.6369e-01,1.6120e-01
1.3804e+00,2.6783e-01,1.6127e-01
1.4289e+00,2.7196e-01,1.6132e-01
1.4791e+00,2.7608e-01,1.6134e-01
1.5311e+00,2.8020e-01,1.6133e-01
1.5849e+00,2.8431e-01,1.6129e-01
1.6406e+00,2.8842e-01,1.6123e-01
1.6982e+00,2.9251e-01,1.6114e-01
1.7579e+00,2.9660e-01,1.6103e-01
1.8197e+00,3.0067e-01,1.6089e-01
1.8836e+00,3.0473e-01,1.6073e-01
1.9498e+00,3.0879e-01,1.6054e-01
2.0184e+00,3.1283e-01,1.6034e-01
2.0893e+00,3.1686e-01,1.6011e-01
2.1627e+00,3.2087e-01,1.5986e-01
2.2387e+00,3.2488e-01,1.5959e-01
2.3174e+00,3.2887e-01,1.5930e-01
2.3988e+00,3.3285e-01,1.5899e-01
2.4831e+00,3.3681e-01,1.5867e-01
2.5704e+00,3.4076e-01,1.5832e-01
2.6607e+00,3.4469e-01,1.5797e-01
2.7542e+00,3.4861e-01,1.5759e-01
2.8510e+00,3.5251e-01,1.5720e-01
2.9512e+00,3.5640e-01,1.5679e-01
3.0549e+00,3.6028e-01,1.5637e-01
3.1623e+00,3.6413e-01,1.5594e-01
3.2734e+00,3.6798e-01,1.5549e-01
3.3884e+00,3.7180e-01,1.5503e-01
3.5075e+00,3.7561e-01,1.5456e-01
3.6308e+00,3.7941e-01,1.5408e-01
3.7584e+00,3.8318e-01,1.5358e-01
3.8905e+00,3.8694e-01,1.5307e-01
4.0272e+00,3.9069e-01,1.5256e-01
4.1687e+00,3.9442e-01,1.5203e-01
4.3152e+00,3.9813e-01,1.5150e-01
4.4668e+00,4.0182e-01,1.5095e-01
4.6238e+00,4.0550e-01,1.5040e-01
4.7863e+00,4.0916e-01,1.4984e-01
4.9545e+00,4.1280e-01,1.4927e-01
5.1286e+00,4.1642e-01,1.4869e-01
5.3088e+00,4.2003e-01,1.4811e-01
5.4954e+00,4.2362e-01,1.4752e-01
5.6885e+00,4.2720e-01,1.4692e-01
5.8884e+00,4.3075e-01,1.4631e-01
6.0954e+00,4.3429e-01,1.4570e-01
6.3096e+00,4.3782e-01,1.4509e-01
6.5313e+00,4.4132e-01,1.4447e-01
6.7608e+00,4.4481e-01,1.4384e-01
6.9984e+00,4.4828e-01,1.4321e-01
7.2444e+00,4.5173e-01,1.4258e-01
7.4989e+00,4.5516e-01,1.4194e-01
7.7625e+00,4.5858e-01,1.4130e-01
8.0353e+00,4.6198e-01,1.4065e-01
8.3176e+00,4.6536e-01,1.4000e-01
8.6099e+00,4.6873e-01,1.3934e-01
8.9125e+00,4.7208e-01,1.3869e-01
9.2257e+00,4.7541e-01,1.3802e-01
9.5499e+00,4.7872e-01,1.3736e-01
9.8855e+00,4.8202e-01,1.3670e-01
1.0233e+01,4.8530e-01,1.3603e-01
1.0593e+01,4.8856e-01,1.3536e-01
1.0965e+01,4.9180e-01,1.3468e-01
1.1350e+01,4.9503e-01,1.3401e-01
1.1749e+01,4.9823e-01,1.3333e-01
1.2162e+01,5.0143e-01,1.3265e-01
1.2589e+01,5.0460e-01,1.3197e-01
1.3032e+01,5.0776e-01,1.3129e-01
1.3490e+01,5.1089e-01,1.3061e-01
1.3964e+01,5.1402e-01,1.2993e-01
1.4454e+01,5.1712e-01,1.2924e-01
1.4962e+01,5.2021e-01,1.2856e-01
1.5488e+01,5.2328e-01,1.2787e-01
1.6032e+01,5.2633e-01,1.2719e-01
1.6596e+01,5.2937e-01,1.2650e-01
1.7179e+01,5.3238e-01,1.2581e-01
1.7783e+01,5.3538e-01,1.2513e-01
1.8408e+01,5.3837e-01,1.2444e-01
1.9055e+01,5.4133e-01,1.2375e-01
1.9724e+01,5.4428e-01,1.2307e-01
2.0417e+01,5.4721e-01,1.2238e-01
2.1135e+01,5.5013e-01,1.2169e-01
2.1878e+01,5.5303e-01,1.2101e-01
2.2646e+01,5.5591e-01,1.2032e-01
2.3442e+01,5.5877e-01,1.1963e-01
2.4266e+01,5.6162e-01,1.1895e-01
2.5119e+01,5.6445e-01,1.1827e-01
2.6002e+01,5.6726e-01,1.1758e-01
2.6915e+01,5.7005e-01,1.1690e-01
2.7861e+01,5.7283e-01,1.1622e-01
2.8840e+01,5.7559e-01,1.1554e-01
2.9854e+01,5.7834e-01,1.1486e-01
3.0903e+01,5.8107e-01,1.1419e-01
3.1989e+01,5.8378e-01,1.1351e-01
3.3113e+01,5.8647e-01,1.1283e-01
3.4277e+01,5.8915e-01,1.1216e-01
3.5481e+01,5.9181e-01,1.1149e-01
3.6728e+01,5.9445e-01,1.1082e-01
3.8019e+01,5.9708e-01,1.1015e-01
3.9355e+01,5.9969e-01,1.0949e-01
4.0738e+01,6.0229e-01,1.0882e-01
4.2170e+01,6.0487e-01,1.0816e-01
4.3652e+01,6.0743e-01,1.0750e-01
4.5186e+01,6.0997e-01,1.0684e-01
4.6774e+01,6.1250e-01,1.0619e-01
4.8417e+01,6.1501e-01,1.0553e-01
5.0119e+01,6.1751e-01,1.0488e-01
5.1880e+01,6.1999e-01,1.0423e-01
5.3703e+01,6.2245e-01,1.0358e-01
5.5590e+01,6.2490e-01,1.0294e-01
5.7544e+01,6.2733e-01,1.0230e-01
5.9566e+01,6.2975e-01,1.0166e-01
6.1660e+01,6.3215e-01,1.0102e-01
6.3826e+01,6.3454e-01,1.0039e-01
6.6069e+01,6.3690e-01,9.9754e-02
6.8391e+01,6.3926e-01,9.9125e-02
7.0795e+01,6.4159e-01,9.8499e-02
7.3282e+01,6.4392e-01,9.7876e-02
7.5858e+01,6.4622e-01,9.7256e-02
7.8524e+01,6.4851e-01,9.6638e-02
8.1283e+01,6.5079e-01,9.6024e-02
8.4140e+01,6.5305e-01,9.5413e-02
8.7096e+01,6.5529e-01,9.4805e-02
9.0157e+01,6.5752e-01,9.4200e-02
9.3325e+01,6.5974e-01,9.3598e-02
9.6605e+01,6.6194e-01,9.3000e-02
1.0000e+02,6.6412e-01,9.2404e-02
1.0351e+02,6.6630e-01,9.1812e-02
1.0715e+02,6.6845e-01,9.1224e-02
1.1092e+02,6.7059e-01,9.0638e-02
1.1482e+02,6.7272e-01,9.0056e-02
1.1885e+02,6.7483e-01,8.9478e-02
1.2303e+02,6.7693e-01,8.8903e-02
1.2735e+02,6.7901e-01,8.8331e-02
1.3183e+02,6.8108e-01,8.7763e-02
1.3646e+02,6.8314e-01,8.7199e-02
1.4125e+02,6.8518e-01,8.6638e-02
1.4622e+02,6.8720e-01,8.6081e-02
1.5136e+02,6.8922e-01,8.5528e-02
1.5668e+02,6.9122e-01,8.4978e-02
1.6218e+02,6.9320e-01,8.4431e-02
1.6788e+02,6.9517e-01,8.3889e-02
1.7378e+02,6.9713e-01,8.3350e-02
1.7989e+02,6.9908e-01,8.2815e-02
1.8621e+02,7.0101e-01,8.2284e-02
1.9275e+02,7.0293e-01,8.1757e-02
1.9953e+02,7.0483e-01,8.1233e-02
2.0654e+02,7.0673e-01,8.0713e-02
2.1380e+02,7.0861e-01,8.0197e-02
2.2131e+02,7.1047e-01,7.9685e-02
2.2909e+02,7.1233e-01,7.9177e-02
2.3714e+02,7.1417e-01,7.8673e-02
2.4547e+02,7.1600e-01,7.8172e-02
2.5410e+02,7.1781e-01,7.7676e-02
2.6303e+02,7.1962e-01,7.7183e-02
2.7227e+02,7.2141e-01,7.6694e-02
2.8184e+02,7.2319e-01,7.6209e-02
2.9174e+02,7.2496e-01,7.5728e-02
3.0200e+02,7.2672e-01,7.5251e-02
3.1261e+02,7.2846e-01,7.4778e-02
3.2359e+02,7.3019e-01,7.4309e-02
3.3497e+02,7.3191e-01,7.3844e-02
3.4674e+02,7.3362e-01,7.3382e-02
3.5892e+02,7.3532e-01,7.2925e-02
3.7154e+02,7.3701e-01,7.2471e-02
3.8459e+02,7.3868e-01,7.2022e-02
3.9811e+02,7.4035e-01,7.1576e-02
4.1210e+02,7.4200e-01,7.1134e-02
4.2658e+02,7.4364e-01,7.0696e-02
4.4157e+02,7.4528e-01,7.0262e-02
4.5709e+02,7.4690e-01,6.9832e-02
4.7315e+02,7.4851e-01,6.9406e-02
4.8978e+02,7.5011e-01,6.8984e-02
5.0699e+02,7.5170e-01,6.8565e-02
5.2481e+02,7.5328e-01,6.8150e-02
5.4325e+02,7.5485e-01,6.7739e-02
5.6234e+02,7.5640e-01,6.7332e-02
5.8210e+02,7.5795e-01,6.6929e-02
6.0256e+02,7.5949e-01,6.6530e-02
6.2373e+02,7.6102e-01,6.6134e-02
6.4565e+02,7.6254e-01,6.5742e-02
6.6834e+02,7.6405e-01,6.5354e-02
6.9183e+02,7.6555e-01,6.4969e-02
7.1614e+02,7.6704e-01,6.4588e-02
7.4131e+02,7.6852e-01,6.4211e-02
7.6736e+02,7.7000e-01,6.3838e-02
7.9433e+02,7.7146e-01,6.3468e-02
8.2224e+02,7.7291e-01,6.3101e-02
8.5114e+02,7.7436e-01,6.2739e-02
8.8105e+02,7.7580e-01,6.2380e-02
9.1201e+02,7.7722e-01,6.2024e-02
9.4406e+02,7.7864e-01,6.1672e-02
9.7724e+02,7.8005e-01,6.1323e-02
1.0116e+03,7.8145e-01,6.0978e-02
1.0471e+03,7.8285e-01,6.0636e-02
1.0839e+03,7.8423e-01,6.0298e-02
1.1220e+03,7.8561e-01,5.9963e-02
1.1614e+03,7.8698e-01,5.9632e-02
1.2023e+03,7.8834e-01,5.9303e-02
1.2445e+03,7.8969e-01,5.8978e-02
1.2882e+03,7.9104e-01,5.8657e-02
1.3335e+03,7.9237e-01,5.8338e-02
1.3804e+03,7.9370e-01,5.8023e-02
1.4289e+03,7.9502e-01,5.7711e-02
1.4791e+03,7.9634e-01,5.7402e-02
1.5311e+03,7.9765e-01,5.7096e-02
1.5849e+03,7.9894e-01,5.6794e-02
1.6406e+03,8.0024e-01,5.6494e-02
1.6982e+03,8.0152e-01,5.6197e-02
1.7579e+03,8.0280e-01,5.5904e-02
1.8197e+03,8.0407e-01,5.5613e-02
1.8836e+03,8.0533e-01,5.5325e-02
1.9498e+03,8.0659e-01,5.5040e-02
2.0184e+03,8.0784e-01,5.4758e-02
2.0893e+03,8.0908e-01,5.4479e-02
2.1627e+03,8.1032e-01,5.4203e-02
2.2387e+03,8.1155e-01,5.3929e-02
2.3174e+03,8.1277e-01,5.3658e-02
2.3988e+03,8.1399e-01,5.3389e-02
2.4831e+03,8.1520e-01,5.3124e-02
2.5704e+03,8.1640e-01,5.2861e-02
2.6607e+03,8.1760e-01,5.2600e-02
2.7542e+03,8.1879e-01,5.2342e-02
2.8510e+03,8.1997e-01,5.2087e-02
2.9512e+03,8.2115e-01,5.1834e-02
3.0549e+03,8.2232e-01,5.1583e-02
3.1623e+03,8.2349e-01,5.1335e-02
3.2734e+03,8.2465e-01,5.1089e-02
3.3884e+03,8.2581e-01,5.0846e-02
3.5075e+03,8.2695e-01,5.0604e-02
3.6308e+03,8.2810e-01,5.0365e-02
3.7584e+03,8.2924e-01,5.0129e-02
3.8905e+03,8.3037e-01,4.9894e-02
4.0272e+03,8.3149e-01,4.9662e-02
4.1687e+03,8.3262e-01,4.9431e-02
4.3152e+03,8.3373e-01,4.9203e-02
4.4668e+03,8.3484e-01,4.8977e-02
4.6238e+03,8.3595e-01,4.8752e-02
4.7863e+03,8.3705e-01,4.8530e-02
4.9545e+03,8.3814e-01,4.8310e-02
5.1286e+03,8.3923e-01,4.8091e-02
5.3088e+03,8.4031e-01,4.7874e-02
5.4954e+03,8.4139e-01,4.7660e-02
5.6885e+03,8.4246e-01,4.7446e-02
5.8884e+03,8.4353e-01,4.7235e-02
6.0954e+03,8.4460e-01,4.7025e-02
6.3096e+03,8.4566e-01,4.6817e-02
6.5313e+03,8.4671e-01,4.6611e-02
6.7608e+03,8.4776e-01,4.6406e-02
6.9984e+03,8.4880e-01,4.6203e-02
7.2444e+03,8.4984e-01,4.6001e-02
7.4989e+03,8.5088e-01,4.5801e-02
7.7625e+03,8.5191e-01,4.5602e-02
8.0353e+03,8.5293e-01,4.5405e-02
8.3176e+03,8.5395e-01,4.5209e-02
8.6099e+03,8.5497e-01,4.5015e-02
8.9125e+03,8.5598e-01,4.4821e-02
9.2257e+03,8.5699e-01,4.4630e-02
9.5499e+03,8.5799e-01,4.4439e-02
9.8855e+03,8.5899e-01,4.4249e-02
1.0233e+04,8.5998e-01,4.4061e-02
1.0593e+04,8.6097e-01,4.3874e-02
1.0965e+04,8.6196e-01,4.3688e-02
1.1350e+04,8.6294e-01,4.3503e-02
1.1749e+04,8.6391e-01,4.3319e-02
1.2162e+04,8.6489e-01,4.3137e-02
1.2589e+04,8.6585e-01,4.2955e-02
1.3032e+04,8.6682e-01,4.2774e-02
1.3490e+04,8.6778e-01,4.2594e-02
1.3964e+04,8.6873e-01,4.2415e-02
1.4454e+04,8.6968e-01,4.2237e-02
1.4962e+04,8.7063e-01,4.2060e-02
1.5488e+04,8.7157e-01,4.1884e-02
1.6032e+04,8.7251e-01,4.1708e-02
1.6596e+04,8.7345e-01,4.1533e-02
1.7179e+04,8.7438e-01,4.1359e-02
1.7783e+04,8.7531e-01,4.1186e-02
1.8408e+04,8.7623e-01,4.1013e-02
1.9055e+04,8.7715e-01,4.0841e-02
1.9724e+04,8.7806e-01,4.0670e-02
2.0417e+04,8.7897e-01,4.0499e-02
2.1135e+04,8.7988e-01,4.0329e-02
2.1878e+04,8.8078e-01,4.0159e-02
2.2646e+04,8.8168e-01,3.9990e-02
2.3442e+04,8.8258e-01,3.9821e-02
2.4266e+04,8.8347e-01,3.9653e-02
2.5119e+04,8.8436e-01,3.9486e-02
2.6002e+04,8.8524e-01,3.9318e-02
2.6915e+04,8.8612e-01,3.9152e-02
2.7861e+04,8.8700e-01,3.8985e-02
2.8840e+04,8.8787e-01,3.8819e-02
2.9854e+04,8.8874e-01,3.8654e-02
3.0903e+04,8.8961e-01,3.8488e-02
3.1989e+04,8.9047e-01,3.8323e-02
3.3113e+04,8.9133e-01,3.8159e-02
3.4277e+04,8.9218e-01,3.7994e-02
3.5481e+04,8.9303e-01,3.7830e-02
3.6728e+04,8.9388e-01,3.7666e-02
3.8019e+04,8.9472e-01,3.7502e-02
3.9355e+04,8.9556e-01,3.7339e-02
4.0738e+04,8.9639e-01,3.7175e-02
4.2170e+04,8.9722e-01,3.7012e-02
4.3652e+04,8.9805e-01,3.6849e-02
4.5186e+04,8.9888e-01,3.6686e-02
4.6774e+04,8.9970e-01,3.6523e-02
4.8417e+04,9.0051e-01,3.6360e-02
5.0119e+04,9.0133e-01,3.6198e-02
5.1880e+04,9.0214e-01,3.6035e-02
5.3703e+04,9.0294e-01,3.5872e-02
5.5590e+04,9.0374e-01,3.5710e-02
5.7544e+04,9.0454e-01,3.5547e-02
5.9566e+04,9.0534e-01,3.5385e-02
6.1660e+04,9.0613e-01,3.5222e-02
6.3826e+04,9.0692e-01,3.5060e-02
6.6069e+04,9.0770e-01,3.4897e-02
6.8391e+04,9.0848e-01,3.4735e-02
7.0795e+04,9.0926e-01,3.4572e-02
7.3282e+04,9.1003e-01,3.4410e-02
7.5858e+04,9.1080e-01,3.4247e-02
7.8524e+04,9.1156e-01,3.4084e-02
8.1283e+04,9.1232e-01,3.3921e-02
8.4140e+04,9.1308e-01,3.3758e-02
8.7096e+04,9.1384e-01,3.3595e-02
9.0157e+04,9.1459e-01,3.3432e-02
9.3325e+04,9.1533e-01,3.3269e-02
9.6605e+04,9.1608e-01,3.3106e-02
1.0000e+05,9.1682e-01,3.2942e-02
1.0351e+05,9.1755e-01,3.2779e-02
1.0715e+05,9.1828e-01,3.2615e-02
1.1092e+05,9.1901e-01,3.2451e-02
1.1482e+05,9.1974e-01,3.2287e-02
1.1885e+05,9.2046e-01,3.2123e-02
1.2303e+05,9.2118e-01,3.1958e-02
1.2735e+05,9.2189e-01,3.1794e-02
1.3183e+05,9.2260e-01,3.1629e-02
1.3646e+05,9.2331e-01,3.1464e-02
1.4125e+05,9.2401e-01,3.1299e-02
1.4622e+05,9.2471e-01,3.1134e-02
1.5136e+05,9.2540e-01,3.0969e-02
1.5668e+05,9.2610e-01,3.0803e-02
1.6218e+05,9.2678e-01,3.0638e-02
1.6788e+05,9.2747e-01,3.0472e-02
1.7378e+05,9.2815e-01,3.0306e-02
1.7989e+05,9.2883e-01,3.0140e-02
1.8621e+05,9.2950e-01,2.9973e-02
1.9275e+05,9.3017e-01,2.9807e-02
1.9953e+05,9.3083e-01,2.9640e-02
2.0654e+05,9.3149e-01,2.9473e-02
2.1380e+05,9.3215e-01,2.9306e-02
2.2131e+05,9.3281e-01,2.9139e-02
2.2909e+05,9.3346e-01,2.8972e-02
2.3714e+05,9.3410e-01,2.8804e-02
2.4547e+05,9.3475e-01,2.8637e-02
2.5410e+05,9.3539e-01,2.8469e-02
2.6303e+05,9.3602e-01,2.8301e-02
2.7227e+05,9.3665e-01,2.8133e-02
2.8184e+05,9.3728e-01,2.7965e-02
2.9174e+05,9.3790e-01,2.7797e-02
3.0200e+05,9.3853e-01,2.7628e-02
3.1261e+05,9.3914e-01,2.7460e-02
3.2359e+05,9.3975e-01,2.7291e-02
3.3497e+05,9.4036e-01,2.7122e-02
3.4674e+05,9.4097e-01,2.6953e-02
3.5892e+05,9.4157e-01,2.6784e-02
3.7154e+05,9.4217e-01,2.6615e-02
3.8459e+05,9.4276e-01,2.6446e-02
3.9811e+05,9.4335e-01,2.6277e-02
4.1210e+05,9.4394e-01,2.6108e-02
4.2658e+05,9.4452e-01,2.5938e-02
4.4157e+05,9.4510e-01,2.5769e-02
4.5709e+05,9.4567e-01,2.5600e-02
4.7315e+05,9.4624e-01,2.5430e-02
4.8978e+05,9.4681e-01,2.5261e-02
5.0699e+05,9.4737e-01,2.5091e-02
5.2481e+05,9.4793e-01,2.4922e-02
5.4325e+05,9.4849e-01,2.4752e-02
5.6234e+05,9.4904e-01,2.4583e-02
5.8210e+05,9.4959e-01,2.4413e-02
6.0256e+05,9.5013e-01,2.4244e-02
6.2373e+05,9.5067e-01,2.4074e-02
6.4565e+05,9.5121e-01,2.3905e-02
6.6834e+05,9.5174e-01,2.3736e-02
6.9183e+05,9.5227e-01,2.3566e-02
7.1614e+05,9.5280e-01,2.3397e-02
7.4131e+05,9.5332e-01,2.3228e-02
7.6736e+05,9.5384e-01,2.3059e-02
7.9433e+05,9.5435e-01,2.2890e-02
8.2224e+05,9.5486e-01,2.2722e-02
8.5114e+05,9.5537e-01,2.2553e-02
8.8105e+05,9.5587e-01,2.2385e-02
9.1201e+05,9.5637e-01,2.2216e-02
9.4406e+05,9.5686e-01,2.2048e-02
9.7724e+05,9.5735e-01,2.1880e-02
1.0116e+06,9.5784e-01,2.1713e-02
1.0471e+06,9.5833e-01,2.1545e-02
1.0839e+06,9.5881e-01,2.1378e-02
1.1220e+06,9.5928e-01,2.1211e-02
1.1614e+06,9.5975e-01,2.1044e-02
1.2023e+06,9.6022e-01,2.0877e-02
1.2445e+06,9.6069e-01,2.0711e-02
1.2882e+06,9.6115e-01,2.0545e-02
1.3335e+06,9.6161e-01,2.0379e-02
1.3804e+06,9.6206e-01,2.0213e-02
1.4289e+06,9.6251e-01,2.0048e-02
1.4791e+06,9.6296e-01,1.9883e-02
1.5311e+06,9.6340e-01,1.9718e-02
1.5849e+06,9.6384e-01,1.9554e-02
1.6406e+06,9.6427e-01,1.9390e-02
1.6982e+06,9.6470e-01,1.9227e-02
1.7579e+06,9.6513e-01,1.9063e-02
1.8197e+06,9.6556e-01,1.8901e-02
1.8836e+06,9.6598e-01,1.8738e-02
1.9498e+06,9.6639e-01,1.8576e-02
2.0184e+06,9.6681e-01,1.8415e-02
2.0893e+06,9.6722e-01,1.8253e-02
2.1627e+06,9.6762e-01,1.8093e-02
2.2387e+06,9.6802e-01,1.7933e-02
2.3174e+06,9.6842e-01,1.7773e-02
2.3988e+06,9.6882e-01,1.7613e-02
2.4831e+06,9.6921e-01,1.7455e-02
2.5704e+06,9.6960e-01,1.7296e-02
2.6607e+06,9.6998e-01,1.7138e-02
2.7542e+06,9.7036e-01,1.6981e-02
2.8510e+06,9.7074e-01,1.6824e-02
2.9512e+06,9.7111e-01,1.6668e-02
3.0549e+06,9.7148e-01,1.6512e-02
3.1623e+06,9.7185e-01,1.6357e-02
3.2734e+06,9.7221e-01,1.6203e-02
3.3884e+06,9.7257e-01,1.6049e-02
3.5075e+06,9.7293e-01,1.5895e-02
3.6308e+06,9.7328e-01,1.5742e-02
3.7584e+06,9.7363e-01,1.5590e-02
3.8905e+06,9.7398e-01,1.5439e-02
4.0272e+06,9.7432e-01,1.5288e-02
4.1687e+06,9.7466e-01,1.5137e-02
4.3152e+06,9.7500e-01,1.4988e-02
4.4668e+06,9.7533e-01,1.4839e-02
4.6238e+06,9.7566e-01,1.4690e-02
4.7863e+06,9.7598e-01,1.4543e-02
4.9545e+06,9.7631e-01,1.4396e-02
5.1286e+06,9.7663e-01,1.4250e-02
5.3088e+06,9.7694e-01,1.4104e-02
5.4954e+06,9.7726e-01,1.3959e-02
5.6885e+06,9.7757e-01,1.3815e-02
5.8884e+06,9.7787e-01,1.3671e-02
6.0954e+06,9.7817e-01,1.3529e-02
6.3096e+06,9.7847e-01,1.3387e-02
6.5313e+06,9.7877e-01,1.3246e-02
6.7608e+06,9.7906e-01,1.3105e-02
6.9984e+06,9.7936e-01,1.2966e-02
7.2444e+06,9.7964e-01,1.2827e-02
7.4989e+06,9.7993e-01,1.2688e-02
7.7625e+06,9.8021e-01,1.2551e-02
8.0353e+06,9.8049e-01,1.2415e-02
8.3176e+06,9.8076e-01,1.2279e-02
8.6099e+06,9.8103e-01,1.2144e-02
8.9125e+06,9.8130e-01,1.2010e-02
9.2257e+06,9.8157e-01,1.1876e-02
9.5499e+06,9.8183e-01,1.1744e-02
9.8855e+06,9.8209e-01,1.1612e-02
1.0233e+07,9.8235e-01,1.1481e-02
1.0593e+07,9.8260e-01,1.1351e-02
1.0965e+07,9.8285e-01,1.1222e-02
1.1350e+07,9.8310e-01,1.1094e-02
1.1749e+07,9.8335e-01,1.0966e-02
1.2162e+07,9.8359e-01,1.0840e-02
1.2589e+07,9.8383e-01,1.0714e-02
1.3032e+07,9.8407e-01,1.0589e-02
1.3490e+07,9.8430e-01,1.0465e-02
1.3964e+07,9.8453e-01,1.0342e-02
1.4454e+07,9.8476e-01,1.0220e-02
1.4962e+07,9.8499e-01,1.0098e-02
1.5488e+07,9.8521e-01,9.9777e-03
1.6032e+07,9.8543e-01,9.8581e-03
1.6596e+07,9.8565e-01,9.7394e-03
1.7179e+07,9.8586e-01,9.6215e-03
1.7783e+07,9.8608e-01,9.5046e-03
1.8408e+07,9.8629e-01,9.3885e-03
1.9055e+07,9.8649e-01,9.2734e-03
1.9724e+07,9.8670e-01,9.1591e-03
2.0417e+07,9.8690e-01,9.0458e-03
2.1135e+07,9.8710e-01,8.9333e-03
2.1878e+07,9.8730e-01,8.8218e-03
2.2646e+07,9.8749e-01,8.7111e-03
2.3442e+07,9.8768e-01,8.6014e-03
2.4266e+07,9.8787e-01,8.4926e-03
2.5119e+07,9.8806e-01,8.3847e-03
2.6002e+07,9.8825e-01,8.2777e-03
2.6915e+07,9.8843e-01,8.1716e-03
2.7861e+07,9.8861e-01,8.0664e-03
2.8840e+07,9.8879e-01,7.9622e-03
2.9854e+07,9.8896e-01,7.8588e-03
3.0903e+07,9.8914e-01,7.7564e-03
3.1989e+07,9.8931e-01,7.6549e-03
3.3113e+07,9.8948e-01,7.5543e-03
3.4277e+07,9.8964e-01,7.4546e-03
3.5481e+07,9.8981e-01,7.3558e-03
3.6728e+07,9.8997e-01,7.2579e-03
3.8019e+07,9.9013e-01,7.1609e-03
3.9355e+07,9.9029e-01,7.0649e-03
4.0738e+07,9.9044e-01,6.9697e-03
4.2170e+07,9.9060e-01,6.8755e-03
4.3652e+07,9.9075e-01,6.7821e-03
4.5186e+07,9.9090e-01,6.6897e-03
4.6774e+07,9.9104e-01,6.5981e-03
4.8417e+07,9.9119e-01,6.5075e-03
5.0119e+07,9.9133e-01,6.4178e-03
5.1880e+07,9.9147e-01,6.3289e-03
5.3703e+07,9.9161e-01,6.2409e-03
5.5590e+07,9.9175e-01,6.1539e-03
5.7544e+07,9.9189e-01,6.0677e-03
5.9566e+07,9.9202e-01,5.9824e-03
6.1660e+07,9.9215e-01,5.8980e-03
6.3826e+07,9.9228e-01,5.8144e-03
6.6069e+07,9.9241e-01,5.7318e-03
6.8391e+07,9.9253e-01,5.6500e-03
7.0795e+07,9.9266e-01,5.5690e-03
7.3282e+07,9.9278e-01,5.4890e-03
7.5858e+07,9.9290e-01,5.4098e-03
7.8524e+07,9.9302e-01,5.3315e-03
8.1283e+07,9.9314e-01,5.2540e-03
8.4140e+07,9.9325e-01,5.1774e-03
8.7096e+07,9.9337e-01,5.1016e-03
9.0157e+07,9.9348e-01,5.0266e-03
9.3325e+07,9.9359e-01,4.9525e-03
9.6605e+07,9.9370e-01,4.8793e-03
1.0000e+08,9.9381e-01,4.8068e-03
1.0351e+08,9.9391e-01,4.7352e-03
1.0715e+08,9.9402e-01,4.6645e-03
1.1092e+08,9.9412e-01,4.5945e-03
1.1482e+08,9.9422e-01,4.5254e-03
1.1885e+08,9.9432e-01,4.4570e-03
1.2303e+08,9.9442e-01,4.3895e-03
1.2735e+08,9.9451e-01,4.3228e-03
1.3183e+08,9.9461e-01,4.2568e-03
1.3646e+08,9.9470e-01,4.1917e-03
1.4125e+08,9.9479e-01,4.1273e-03
1.4622e+08,9.9488e-01,4.0637e-03
1.5136e+08,9.9497e-01,4.0009e-03
1.5668e+08,9.9506e-01,3.9389e-03
1.6218e+08,9.9515e-01,3.8776e-03
1.6788e+08,9.9523e-01,3.8171e-03
1.7378e+08,9.9532e-01,3.7574e-03
1.7989e+08,9.9540e-01,3.6984e-03
1.8621e+08,9.9548e-01,3.6401e-03
1.9275e+08,9.9556e-01,3.5826e-03
1.9953e+08,9.9564e-01,3.5258e-03
2.0654e+08,9.9572e-01,3.4697e-03
2.1380e+08,9.9579e-01,3.4144e-03
2.2131e+08,9.9587e-01,3.3598e-03
2.2909e+08,9.9594e-01,3.3059e-03
2.3714e+08,9.9601e-01,3.2527e-03
2.4547e+08,9.9608e-01,3.2002e-03
2.5410e+08,9.9615e-01,3.1484e-03
2.6303e+08,9.9622e-01,3.0972e-03
2.7227e+08,9.9629e-01,3.0468e-03
2.8184e+08,9.9636e-01,2.9970e-03
2.9174e+08,9.9642e-01,2.9480e-03
3.0200e+08,9.9649e-01,2.8995e-03
3.1261e+08,9.9655e-01,2.8518e-03
3.2359e+08,9.9661e-01,2.8047e-03
3.3497e+08,9.9667e-01,2.7582e-03
3.4674e+08,9.9674e-01,2.7124e-03
3.5892e+08,9.9679e-01,2.6672e-03
3.7154e+08,9.9685e-01,2.6226e-03
3.8459e+08,9.9691e-01,2.5787e-03
3.9811e+08,9.9697e-01,2.5354e-03
4.1210e+08,9.9702e-01,2.4927e-03
4.2658e+08,9.9708e-01,2.4506e-03
4.4157e+08,9.9713e-01,2.4091e-03
4.5709e+08,9.9718e-01,2.3682e-03
4.7315e+08,9.9723e-01,2.3279e-03
4.8978e+08,9.9729e-01,2.2882e-03
5.0699e+08,9.9734e-01,2.2490e-03
5.2481e+08,9.9739e-01,2.2105e-03
5.4325e+08,9.9743e-01,2.1725e-03
5.6234e+08,9.9748e-01,2.1350e-03
5.8210e+08,9.9753e-01,2.0981e-03
6.0256e+08,9.9757e-01,2.0618e-03
6.2373e+08,9.9762e-01,2.0259e-03
6.4565e+08,9.9766e-01,1.9907e-03
6.6834e+08,9.9771e-01,1.9559e-03
6.9183e+08,9.9775e-01,1.9217e-03
7.1614e+08,9.9779e-01,1.8880e-03
7.4131e+08,9.9783e-01,1.8548e-03
7.6736e+08,9.9787e-01,1.8221e-03
7.9433e+08,9.9791e-01,1.7900e-03
8.2224e+08,9.9795e-01,1.7583e-03
8.5114e+08,9.9799e-01,1.7271e-03
8.8105e+08,9.9803e-01,1.6964e-03
9.1201e+08,9.9807e-01,1.6661e-03
9.4406e+08,9.9810e-01,1.6364e-03
9.7724e+08,9.9814e-01,1.6071e-03
1.0116e+09,9.9817e-01,1.5783e-03
1.0471e+09,9.9821e-01,1.5499e-03
1.0839e+09,9.9824e-01,1.5220e-03
1.1220e+09,9.9827e-01,1.4945e-03
1.1614e+09,9.9831e-01,1.4674e-03
1.2023e+09,9.9834e-01,1.4408e-03
1.2445e+09,9.9837e-01,1.4147e-03
1.2882e+09,9.9840e-01,1.3889e-03
1.3335e+09,9.9843e-01,1.3636e-03
1.3804e+09,9.9846e-01,1.3387e-03
1.4289e+09,9.9849e-01,1.3141e-03
1.4791e+09,9.9852e-01,1.2900e-03
1.5311e+09,9.9855e-01,1.2663e-03
1.5849e+09,9.9858e-01,1.2430e-03
1.6406e+09,9.9860e-01,1.2200e-03
1.6982e+09,9.9863e-01,1.1975e-03
1.7579e+09,9.9865e-01,1.1753e-03
1.8197e+09,9.9868e-01,1.1535e-03
1.8836e+09,9.9871e-01,1.1320e-03
1.9498e+09,9.9873e-01,1.1110e-03
2.0184e+09,9.9875e-01,1.0902e-03
2.0893e+09,9.9878e-01,1.0698e-03
2.1627e+09,9.9880e-01,1.0498e-03
2.2387e+09,9.9882e-01,1.0301e-03
2.3174e+09,9.9885e-01,1.0108e-03
2.3988e+09,9.9887e-01,9.9176e-04
2.4831e+09,9.9889e-01,9.7307e-04
2.5704e+09,9.9891e-01,9.5470e-04
2.6607e+09,9.9893e-01,9.3665e-04
2.7542e+09,9.9895e-01,9.1891e-04
2.8510e+09,9.9897e-01,9.0148e-04
2.9512e+09,9.9899e-01,8.8436e-04
3.0549e+09,9.9901e-01,8.6753e-04
3.1623e+09,9.9903e-01,8.5101e-04
3.2734e+09,9.9905e-01,8.3477e-04
3.3884e+09,9.9907e-01,8.1882e-04
3.5075e+09,9.9909e-01,8.0316e-04
3.6308e+09,9.9910e-01,7.8777e-04
3.7584e+09,9.9912e-01,7.7266e-04
3.8905e+09,9.9914e-01,7.5781e-04
4.0272e+09,9.9915e-01,7.4324e-04
4.1687e+09,9.9917e-01,7.2892e-04
4.3152e+09,9.9919e-01,7.1487e-04
4.4668e+09,9.9920e-01,7.0106e-04
4.6238e+09,9.9922e-01,6.8751e-04
4.7863e+09,9.9923e-01,6.7421e-04
4.9545e+09,9.9925e-01,6.6114e-04
5.1286e+09,9.9926e-01,6.4832e-04
5.3088e+09,9.9928e-01,6.3573e-04
5.4954e+09,9.9929e-01,6.2337e-04
5.6885e+09,9.9930e-01,6.1124e-04
5.8884e+09,9.9932e-01,5.9934e-04
6.0954e+09,9.9933e-01,5.8765e-04
6.3096e+09,9.9934e-01,5.7618e-04
6.5313e+09,9.9935e-01,5.6492e-04
6.7608e+09,9.9937e-01,5.5388e-04
6.9984e+09,9.9938e-01,5.4304e-04
7.2444e+09,9.9939e-01,5.3240e-04
7.4989e+09,9.9940e-01,5.2196e-04
7.7625e+09,9.9941e-01,5.1172e-04
8.0353e+09,9.9942e-01,5.0167e-04
8.3176e+09,9.9944e-01,4.9181e-04
8.6099e+09,9.9945e-01,4.8214e-04
8.9125e+09,9.9946e-01,4.7265e-04
9.2257e+09,9.9947e-01,4.6334e-04
9.5499e+09,9.9948e-01,4.5421e-04
9.8855e+09,9.9949e-01,4.4526e-04
1.0233e+10,9.9950e-01,4.3647e-04
1.0593e+10,9.9951e-01,4.2785e-04
1.0965e+10,9.9952e-01,4.1940e-04
1.1350e+10,9.9952e-01,4.1112e-04
1.1749e+10,9.9953e-01,4.0299e-04
1.2162e+10,9.9954e-01,3.9502e-04
1.2589e+10,9.9955e-01,3.8720e-04
1.3032e+10,9.9956e-01,3.7953e-04
1.3490e+10,9.9957e-01,3.7202e-04
1.3964e+10,9.9958e-01,3.6465e-04
1.4454e+10,9.9958e-01,3.5742e-04
1.4962e+10,9.9959e-01,3.5034e-04
1.5488e+10,9.9960e-01,3.4339e-04
1.6032e+10,9.9961e-01,3.3658e-04
1.6596e+10,9.9961e-01,3.2991e-04
1.7179e+10,9.9962e-01,3.2336e-04
1.7783e+10,9.9963e-01,3.1695e-04
1.8408e+10,9.9964e-01,3.1066e-04
1.9055e+10,9.9964e-01,3.0449e-04
1.9724e+10,9.9965e-01,2.9845e-04
2.0417e+10,9.9966e-01,2.9253e-04
2.1135e+10,9.9966e-01,2.8672e-04
2.1878e+10,9.9967e-01,2.8104e-04
2.2646e+10,9.9967e-01,2.7546e-04
2.3442e+10,9.9968e-01,2.7000e-04
2.4266e+10,9.9969e-01,2.6464e-04
2.5119e+10,9.9969e-01,2.5939e-04
2.6002e+10,9.9970e-01,2.5425e-04
2.6915e+10,9.9970e-01,2.4921e-04
2.7861e+10,9.9971e-01,2.4427e-04
2.8840e+10,9.9971e-01,2.3943e-04
2.9854e+10,9.9972e-01,2.3469e-04
3.0903e+10,9.9972e-01,2.3004e-04
3.1989e+10,9.9973e-01,2.2549e-04
3.3113e+10,9.9973e-01,2.2103e-04
3.4277e+10,9.9974e-01,2.1666e-04
3.5481e+10,9.9974e-01,2.1238e-04
3.6728e+10,9.9975e-01,2.0819e-04
3.8019e+10,9.9975e-01,2.0408e-04
3.9355e+10,9.9976e-01,2.0005e-04
4.0738e+10,9.9976e-01,1.9611e-04
4.2170e+10,9.9977e-01,1.9224e-04
4.3652e+10,9.9977e-01,1.8846e-04
4.5186e+10,9.9977e-01,1.8475e-04
4.6774e+10,9.9978e-01,1.8112e-04
4.8417e+10,9.9978e-01,1.7756e-04
5.0119e+10,9.9979e-01,1.7408e-04
5.1880e+10,9.9979e-01,1.7066e-04
5.3703e+10,9.9979e-01,1.6732e-04
5.5590e+10,9.9980e-01,1.6404e-04
5.7544e+10,9.9980e-01,1.6084e-04
5.9566e+10,9.9980e-01,1.5769e-04
6.1660e+10,9.9981e-01,1.5462e-04
6.3826e+10,9.9981e-01,1.5160e-04
6.6069e+10,9.9981e-01,1.4865e-04
6.8391e+10,9.9982e-01,1.4576e-04
7.0795e+10,9.9982e-01,1.4293e-04
7.3282e+10,9.9982e-01,1.4015e-04
7.5858e+10,9.9983e-01,1.3743e-04
7.8524e+10,9.9983e-01,1.3477e-04
8.1283e+10,9.9983e-01,1.3217e-04
8.4140e+10,9.9984e-01,1.2962e-04
8.7096e+10,9.9984e-01,1.2712e-04
9.0157e+10,9.9984e-01,1.2467e-04
9.3325e+10,9.9984e-01,1.2227e-04
9.6605e+10,9.9985e-01,1.1992e-04
1.0000e+11,9.9985e-01,1.1762e-04
