   f   ,G_stor ,G_loss 
  Hz   ,  GPa  ,  GPa  
1.0000e-04,5.8975e-07,9.9652e-05
1.0351e-04,6.2381e-07,1.0315e-04
1.0715e-04,6.5983e-07,1.0676e-04
1.1092e-04,6.9794e-07,1.1051e-04
1.1482e-04,7.3824e-07,1.1438e-04
1.1885e-04,7.8088e-07,1.1839e-04
1.2303e-04,8.2597e-07,1.2254e-04
1.2735e-04,8.7368e-07,1.2684e-04
1.3183e-04,9.2414e-07,1.3128e-04
1.3646e-04,9.7751e-07,1.3588e-04
1.4125e-04,1.0340e-06,1.4064e-04
1.4622e-04,1.0937e-06,1.4557e-04
1.5136e-04,1.1569e-06,1.5067e-04
1.5668e-04,1.2237e-06,1.5595e-04
1.6218e-04,1.2944e-06,1.6142e-04
1.6788e-04,1.3691e-06,1.6707e-04
1.7378e-04,1.4482e-06,1.7293e-04
1.7989e-04,1.5318e-06,1.7898e-04
1.8621e-04,1.6203e-06,1.8525e-04
1.9275e-04,1.7139e-06,1.9174e-04
1.9953e-04,1.8129e-06,1.9846e-04
2.0654e-04,1.9176e-06,2.0541e-04
2.1380e-04,2.0284e-06,2.1260e-04
2.2131e-04,2.1456e-06,2.2004e-04
2.2909e-04,2.2695e-06,2.2775e-04
2.3714e-04,2.4006e-06,2.3572e-04
2.4547e-04,2.5393e-06,2.4397e-04
2.5410e-04,2.6860e-06,2.5251e-04
2.6303e-04,2.8412e-06,2.6135e-04
2.7227e-04,3.0053e-06,2.7050e-04
2.8184e-04,3.1789e-06,2.7996e-04
2.9174e-04,3.3625e-06,2.8976e-04
3.0200e-04,3.5568e-06,2.9990e-04
3.1261e-04,3.7622e-06,3.1039e-04
3.2359e-04,3.9796e-06,3.2125e-04
3.3497e-04,4.2094e-06,3.3248e-04
3.4674e-04,4.4526e-06,3.4411e-04
3.5892e-04,4.7098e-06,3.5614e-04
3.7154e-04,4.9819e-06,3.6859e-04
3.8459e-04,5.2696e-06,3.8148e-04
3.9811e-04,5.5740e-06,3.9482e-04
4.1210e-04,5.8960e-06,4.0862e-04
4.2658e-04,6.2366e-06,4.2290e-04
4.4157e-04,6.5968e-06,4.3767e-04
4.5709e-04,6.9778e-06,4.5297e-04
4.7315e-04,7.3809e-06,4.6879e-04
4.8978e-04,7.8072e-06,4.8516e-04
5.0699e-04,8.2581e-06,5.0211e-04
5.2481e-04,8.7350e-06,5.1964e-04
5.4325e-04,9.2395e-06,5.3779e-04
5.6234e-04,9.7731e-06,5.5656e-04
5.8210e-04,1.0337e-05,5.7599e-04
6.0256e-04,1.0934e-05,5.9609e-04
6.2373e-04,1.1566e-05,6.1689e-04
6.4565e-04,1.2234e-05,6.3841e-04
6.6834e-04,1.2940e-05,6.6068e-04
6.9183e-04,1.3687e-05,6.8372e-04
7.1614e-04,1.4477e-05,7.0756e-04
7.4131e-04,1.5313e-05,7.3223e-04
7.6736e-04,1.6197e-05,7.5775e-04
7.9433e-04,1.7132e-05,7.8416e-04
8.2224e-04,1.8121e-05,8.1148e-04
8.5114e-04,1.9167e-05,8.3975e-04
8.8105e-04,2.0273e-05,8.6900e-04
9.1201e-04,2.1443e-05,8.9926e-04
9.4406e-04,2.2681e-05,9.3057e-04
9.7724e-04,2.3989e-05,9.6296e-04
1.0116e-03,2.5373e-05,9.9647e-04
1.0471e-03,2.6837e-05,1.0311e-03
1.0839e-03,2.8385e-05,1.0670e-03
1.1220e-03,3.0023e-05,1.1041e-03
1.1614e-03,3.1754e-05,1.1425e-03
1.2023e-03,3.3586e-05,1.1822e-03
1.2445e-03,3.5522e-05,1.2233e-03
1.2882e-03,3.7570e-05,1.2658e-03
1.3335e-03,3.9736e-05,1.3097e-03
1.3804e-03,4.2027e-05,1.3552e-03
1.4289e-03,4.4449e-05,1.4023e-03
1.4791e-03,4.7011e-05,1.4509e-03
1.5311e-03,4.9720e-05,1.5013e-03
1.5849e-03,5.2584e-05,1.5533e-03
1.6406e-03,5.5613e-05,1.6072e-03
1.6982e-03,5.8816e-05,1.6629e-03
1.7579e-03,6.2204e-05,1.7205e-03
1.8197e-03,6.5785e-05,1.7801e-03
1.8836e-03,6.9572e-05,1.8417e-03
1.9498e-03,7.3576e-05,1.9054e-03
2.0184e-03,7.7810e-05,1.9713e-03
2.0893e-03,8.2287e-05,2.0395e-03
2.1627e-03,8.7021e-05,2.1100e-03
2.2387e-03,9.2025e-05,2.1829e-03
2.3174e-03,9.7317e-05,2.2583e-03
2.3988e-03,1.0291e-04,2.3363e-03
2.4831e-03,1.0883e-04,2.4169e-03
2.5704e-03,1.1508e-04,2.5003e-03
2.6607e-03,1.2169e-04,2.5865e-03
2.7542e-03,1.2868e-04,2.6756e-03
2.8510e-03,1.3607e-04,2.7678e-03
2.9512e-03,1.4387e-04,2.8631e-03
3.0549e-03,1.5213e-04,2.9616e-03
3.1623e-03,1.6086e-04,3.0635e-03
3.2734e-03,1.7008e-04,3.1688e-03
3.3884e-03,1.7983e-04,3.2777e-03
3.5075e-03,1.9014e-04,3.3902e-03
3.6308e-03,2.0103e-04,3.5065e-03
3.7584e-03,2.1254e-04,3.6268e-03
3.8905e-03,2.2471e-04,3.7511e-03
4.0272e-03,2.3757e-04,3.8796e-03
4.1687e-03,2.5115e-04,4.0124e-03
4.3152e-03,2.6551e-04,4.1496e-03
4.4668e-03,2.8069e-04,4.2914e-03
4.6238e-03,2.9672e-04,4.4380e-03
4.7863e-03,3.1367e-04,4.5895e-03
4.9545e-03,3.3157e-04,4.7460e-03
5.1286e-03,3.5048e-04,4.9078e-03
5.3088e-03,3.7046e-04,5.0749e-03
5.4954e-03,3.9157e-04,5.2475e-03
5.6885e-03,4.1388e-04,5.4259e-03
5.8884e-03,4.3743e-04,5.6102e-03
6.0954e-03,4.6232e-04,5.8006e-03
6.3096e-03,4.8860e-04,5.9972e-03
6.5313e-03,5.1637e-04,6.2004e-03
6.7608e-03,5.4568e-04,6.4101e-03
6.9984e-03,5.7665e-04,6.6268e-03
7.2444e-03,6.0935e-04,6.8506e-03
7.4989e-03,6.4387e-04,7.0816e-03
7.7625e-03,6.8033e-04,7.3202e-03
8.0353e-03,7.1882e-04,7.5665e-03
8.3176e-03,7.5946e-04,7.8208e-03
8.6099e-03,8.0236e-04,8.0834e-03
8.9125e-03,8.4764e-04,8.3544e-03
9.2257e-03,8.9544e-04,8.6341e-03
9.5499e-03,9.4589e-04,8.9228e-03
9.8855e-03,9.9913e-04,9.2208e-03
1.0233e-02,1.0553e-03,9.5283e-03
1.0593e-02,1.1146e-03,9.8455e-03
1.0965e-02,1.1771e-03,1.0173e-02
1.1350e-02,1.2431e-03,1.0510e-02
1.1749e-02,1.3127e-03,1.0859e-02
1.2162e-02,1.3862e-03,1.1218e-02
1.2589e-02,1.4636e-03,1.1588e-02
1.3032e-02,1.5453e-03,1.1970e-02
1.3490e-02,1.6314e-03,1.2364e-02
1.3964e-02,1.7221e-03,1.2770e-02
1.4454e-02,1.8179e-03,1.3189e-02
1.4962e-02,1.9188e-03,1.3620e-02
1.5488e-02,2.0251e-03,1.4065e-02
1.6032e-02,2.1372e-03,1.4523e-02
1.6596e-02,2.2552e-03,1.4995e-02
1.7179e-02,2.3796e-03,1.5481e-02
1.7783e-02,2.5107e-03,1.5982e-02
1.8408e-02,2.6487e-03,1.6498e-02
1.9055e-02,2.7941e-03,1.7028e-02
1.9724e-02,2.9472e-03,1.7575e-02
2.0417e-02,3.1083e-03,1.8138e-02
2.1135e-02,3.2780e-03,1.8717e-02
2.1878e-02,3.4565e-03,1.9312e-02
2.2646e-02,3.6444e-03,1.9925e-02
2.3442e-02,3.8420e-03,2.0555e-02
2.4266e-02,4.0500e-03,2.1203e-02
2.5119e-02,4.2686e-03,2.1869e-02
2.6002e-02,4.4986e-03,2.2554e-02
2.6915e-02,4.7403e-03,2.3258e-02
2.7861e-02,4.9943e-03,2.3981e-02
2.8840e-02,5.2613e-03,2.4724e-02
2.9854e-02,5.5419e-03,2.5486e-02
3.0903e-02,5.8365e-03,2.6269e-02
3.1989e-02,6.1459e-03,2.7073e-02
3.3113e-02,6.4708e-03,2.7897e-02
3.4277e-02,6.8118e-03,2.8743e-02
3.5481e-02,7.1696e-03,2.9611e-02
3.6728e-02,7.5450e-03,3.0500e-02
3.8019e-02,7.9387e-03,3.1411e-02
3.9355e-02,8.3515e-03,3.2345e-02
4.0738e-02,8.7843e-03,3.3301e-02
4.2170e-02,9.2377e-03,3.4281e-02
4.3652e-02,9.7128e-03,3.5283e-02
4.5186e-02,1.0210e-02,3.6308e-02
4.6774e-02,1.0731e-02,3.7357e-02
4.8417e-02,1.1276e-02,3.8430e-02
5.0119e-02,1.1847e-02,3.9525e-02
5.1880e-02,1.2443e-02,4.0645e-02
5.3703e-02,1.3067e-02,4.1788e-02
5.5590e-02,1.3719e-02,4.2955e-02
5.7544e-02,1.4400e-02,4.4145e-02
5.9566e-02,1.5111e-02,4.5359e-02
6.1660e-02,1.5853e-02,4.6597e-02
6.3826e-02,1.6628e-02,4.7857e-02
6.6069e-02,1.7436e-02,4.9141e-02
6.8391e-02,1.8279e-02,5.0447e-02
7.0795e-02,1.9157e-02,5.1776e-02
7.3282e-02,2.0072e-02,5.3128e-02
7.5858e-02,2.1024e-02,5.4500e-02
7.8524e-02,2.2016e-02,5.5895e-02
8.1283e-02,2.3047e-02,5.7310e-02
8.4140e-02,2.4119e-02,5.8745e-02
8.7096e-02,2.5234e-02,6.0200e-02
9.0157e-02,2.6391e-02,6.1674e-02
9.3325e-02,2.7593e-02,6.3166e-02
9.6605e-02,2.8840e-02,6.4676e-02
1.0000e-01,3.0133e-02,6.6202e-02
1.0351e-01,3.1474e-02,6.7745e-02
1.0715e-01,3.2863e-02,6.9301e-02
1.1092e-01,3.4300e-02,7.0872e-02
1.1482e-01,3.5788e-02,7.2455e-02
1.1885e-01,3.7327e-02,7.4050e-02
1.2303e-01,3.8917e-02,7.5655e-02
1.2735e-01,4.0559e-02,7.7270e-02
1.3183e-01,4.2255e-02,7.8892e-02
1.3646e-01,4.4004e-02,8.0520e-02
1.4125e-01,4.5808e-02,8.2154e-02
1.4622e-01,4.7666e-02,8.3791e-02
1.5136e-01,4.9579e-02,8.5431e-02
1.5668e-01,5.1548e-02,8.7071e-02
1.6218e-01,5.3573e-02,8.8711e-02
1.6788e-01,5.5654e-02,9.0348e-02
1.7378e-01,5.7791e-02,9.1981e-02
1.7989e-01,5.9984e-02,9.3608e-02
1.8621e-01,6.2234e-02,9.5228e-02
1.9275e-01,6.4539e-02,9.6840e-02
1.9953e-01,6.6901e-02,9.8440e-02
2.0654e-01,6.9318e-02,1.0003e-01
2.1380e-01,7.1790e-02,1.0160e-01
2.2131e-01,7.4317e-02,1.0316e-01
2.2909e-01,7.6898e-02,1.0470e-01
2.3714e-01,7.9532e-02,1.0623e-01
2.4547e-01,8.2220e-02,1.0773e-01
2.5410e-01,8.4959e-02,1.0921e-01
2.6303e-01,8.7749e-02,1.1067e-01
2.7227e-01,9.0589e-02,1.1210e-01
2.8184e-01,9.3479e-02,1.1351e-01
2.9174e-01,9.6416e-02,1.1489e-01
3.0200e-01,9.9399e-02,1.1624e-01
3.1261e-01,1.0243e-01,1.1756e-01
3.2359e-01,1.0550e-01,1.1885e-01
3.3497e-01,1.0862e-01,1.2011e-01
3.4674e-01,1.1177e-01,1.2133e-01
3.5892e-01,1.1497e-01,1.2252e-01
3.7154e-01,1.1821e-01,1.2367e-01
3.8459e-01,1.2148e-01,1.2479e-01
3.9811e-01,1.2478e-01,1.2587e-01
4.1210e-01,1.2812e-01,1.2691e-01
4.2658e-01,1.3149e-01,1.2792e-01
4.4157e-01,1.3489e-01,1.2888e-01
4.5709e-01,1.3832e-01,1.2981e-01
4.7315e-01,1.4178e-01,1.3070e-01
4.8978e-01,1.4526e-01,1.3154e-01
5.0699e-01,1.4876e-01,1.3235e-01
5.2481e-01,1.5229e-01,1.3312e-01
5.4325e-01,1.5583e-01,1.3384e-01
5.6234e-01,1.5939e-01,1.3453e-01
5.8210e-01,1.6297e-01,1.3518e-01
6.0256e-01,1.6657e-01,1.3578e-01
6.2373e-01,1.7017e-01,1.3635e-01
6.4565e-01,1.7379e-01,1.3688e-01
6.6834e-01,1.7742e-01,1.3737e-01
6.9183e-01,1.8106e-01,1.3782e-01
7.1614e-01,1.8470e-01,1.3823e-01
7.4131e-01,1.8835e-01,1.3860e-01
7.6736e-01,1.9200e-01,1.3894e-01
7.9433e-01,1.9566e-01,1.3924e-01
8.2224e-01,1.9931e-01,1.3951e-01
8.5114e-01,2.0297e-01,1.3974e-01
8.8105e-01,2.0663e-01,1.3993e-01
9.1201e-01,2.1028e-01,1.4009e-01
9.4406e-01,2.1393e-01,1.4022e-01
9.7724e-01,2.1758e-01,1.4032e-01
1.0116e+00,2.2122e-01,1.4038e-01
1.0471e+00,2.2486e-01,1.4042e-01
1.0839e+00,2.2849e-01,1.4042e-01
1.1220e+00,2.3211e-01,1.4040e-01
1.1614e+00,2.3572e-01,1.4035e-01
1.2023e+00,2.3932e-01,1.4027e-01
1.2445e+00,2.4291e-01,1.4017e-01
1.2882e+00,2.4649e-01,1.4003e-01
1.3335e+00,2.5006e-01,1.3988e-01
1.3804e+00,2.5362e-01,1.3970e-01
1.4289e+00,2.5716e-01,1.3950e-01
1.4791e+00,2.6069e-01,1.3928e-01
1.5311e+00,2.6421e-01,1.3903e-01
1.5849e+00,2.6771e-01,1.3876e-01
1.6406e+00,2.7120e-01,1.3848e-01
1.6982e+00,2.7467e-01,1.3818e-01
1.7579e+00,2.7813e-01,1.3785e-01
1.8197e+00,2.8157e-01,1.3752e-01
1.8836e+00,2.8499e-01,1.3716e-01
1.9498e+00,2.8840e-01,1.3679e-01
2.0184e+00,2.9180e-01,1.3640e-01
2.0893e+00,2.9517e-01,1.3600e-01
2.1627e+00,2.9853e-01,1.3559e-01
2.2387e+00,3.0188e-01,1.3516e-01
2.3174e+00,3.0520e-01,1.3472e-01
2.3988e+00,3.0851e-01,1.3427e-01
2.4831e+00,3.1180e-01,1.3381e-01
2.5704e+00,3.1508e-01,1.3333e-01
2.6607e+00,3.1833e-01,1.3285e-01
2.7542e+00,3.2157e-01,1.3236e-01
2.8510e+00,3.2479e-01,1.3186e-01
2.9512e+00,3.2800e-01,1.3135e-01
3.0549e+00,3.3119e-01,1.3083e-01
3.1623e+00,3.3435e-01,1.3031e-01
3.2734e+00,3.3751e-01,1.2978e-01
3.3884e+00,3.4064e-01,1.2924e-01
3.5075e+00,3.4376e-01,1.2870e-01
3.6308e+00,3.4686e-01,1.2815e-01
3.7584e+00,3.4994e-01,1.2759e-01
3.8905e+00,3.5300e-01,1.2703e-01
4.0272e+00,3.5605e-01,1.2647e-01
4.1687e+00,3.5908e-01,1.2590e-01
4.3152e+00,3.6210e-01,1.2533e-01
4.4668e+00,3.6509e-01,1.2476e-01
4.6238e+00,3.6807e-01,1.2418e-01
4.7863e+00,3.7103e-01,1.2360e-01
4.9545e+00,3.7398e-01,1.2301e-01
5.1286e+00,3.7691e-01,1.2243e-01
5.3088e+00,3.7982e-01,1.2184e-01
5.4954e+00,3.8272e-01,1.2125e-01
5.6885e+00,3.8560e-01,1.2066e-01
5.8884e+00,3.8846e-01,1.2007e-01
6.0954e+00,3.9131e-01,1.1947e-01
6.3096e+00,3.9414e-01,1.1888e-01
6.5313e+00,3.9695e-01,1.1829e-01
6.7608e+00,3.9975e-01,1.1769e-01
6.9984e+00,4.0254e-01,1.1709e-01
7.2444e+00,4.0530e-01,1.1650e-01
7.4989e+00,4.0806e-01,1.1590e-01
7.7625e+00,4.1079e-01,1.1531e-01
8.0353e+00,4.1351e-01,1.1471e-01
8.3176e+00,4.1622e-01,1.1412e-01
8.6099e+00,4.1891e-01,1.1352e-01
8.9125e+00,4.2158e-01,1.1293e-01
9.2257e+00,4.2424e-01,1.1234e-01
9.5499e+00,4.2688e-01,1.1174e-01
9.8855e+00,4.2951e-01,1.1115e-01
1.0233e+01,4.3213e-01,1.1056e-01
1.0593e+01,4.3473e-01,1.0997e-01
1.0965e+01,4.3731e-01,1.0939e-01
1.1350e+01,4.3988e-01,1.0880e-01
1.1749e+01,4.4244e-01,1.0821e-01
1.2162e+01,4.4498e-01,1.0763e-01
1.2589e+01,4.4751e-01,1.0705e-01
1.3032e+01,4.5002e-01,1.0647e-01
1.3490e+01,4.5252e-01,1.0589e-01
1.3964e+01,4.5500e-01,1.0532e-01
1.4454e+01,4.5747e-01,1.0474e-01
1.4962e+01,4.5993e-01,1.0417e-01
1.5488e+01,4.6237e-01,1.0360e-01
1.6032e+01,4.6480e-01,1.0303e-01
1.6596e+01,4.6721e-01,1.0246e-01
1.7179e+01,4.6961e-01,1.0190e-01
1.7783e+01,4.7200e-01,1.0134e-01
1.8408e+01,4.7437e-01,1.0078e-01
1.9055e+01,4.7673e-01,1.0022e-01
1.9724e+01,4.7908e-01,9.9665e-02
2.0417e+01,4.8141e-01,9.9112e-02
2.1135e+01,4.8373e-01,9.8562e-02
2.1878e+01,4.8604e-01,9.8014e-02
2.2646e+01,4.8833e-01,9.7468e-02
2.3442e+01,4.9061e-01,9.6925e-02
2.4266e+01,4.9288e-01,9.6384e-02
2.5119e+01,4.9513e-01,9.5846e-02
2.6002e+01,4.9737e-01,9.5310e-02
2.6915e+01,4.9960e-01,9.4777e-02
2.7861e+01,5.0182e-01,9.4247e-02
2.8840e+01,5.0402e-01,9.3719e-02
2.9854e+01,5.0621e-01,9.3194e-02
3.0903e+01,5.0839e-01,9.2671e-02
3.1989e+01,5.1055e-01,9.2151e-02
3.3113e+01,5.1270e-01,9.1634e-02
3.4277e+01,5.1484e-01,9.1120e-02
3.5481e+01,5.1697e-01,9.0608e-02
3.6728e+01,5.1909e-01,9.0099e-02
3.8019e+01,5.2119e-01,8.9593e-02
3.9355e+01,5.2328e-01,8.9089e-02
4.0738e+01,5.2536e-01,8.8589e-02
4.2170e+01,5.2743e-01,8.8091e-02
4.3652e+01,5.2948e-01,8.7596e-02
4.5186e+01,5.3152e-01,8.7104e-02
4.6774e+01,5.3356e-01,8.6615e-02
4.8417e+01,5.3558e-01,8.6129e-02
5.0119e+01,5.3758e-01,8.5645e-02
5.1880e+01,5.3958e-01,8.5165e-02
5.3703e+01,5.4156e-01,8.4687e-02
5.5590e+01,5.4354e-01,8.4213e-02
5.7544e+01,5.4550e-01,8.3741e-02
5.9566e+01,5.4745e-01,8.3272e-02
6.1660e+01,5.4939e-01,8.2806e-02
6.3826e+01,5.5132e-01,8.2343e-02
6.6069e+01,5.5323e-01,8.1883e-02
6.8391e+01,5.5514e-01,8.1426e-02
7.0795e+01,5.5703e-01,8.0972e-02
7.3282e+01,5.5892e-01,8.0521e-02
7.5858e+01,5.6079e-01,8.0073e-02
7.8524e+01,5.6265e-01,7.9628e-02
8.1283e+01,5.6450e-01,7.9186e-02
8.4140e+01,5.6634e-01,7.8747e-02
8.7096e+01,5.6817e-01,7.8311e-02
9.0157e+01,5.6999e-01,7.7878e-02
9.3325e+01,5.7180e-01,7.7448e-02
9.6605e+01,5.7360e-01,7.7021e-02
1.0000e+02,5.7539e-01,7.6597e-02
1.0351e+02,5.7716e-01,7.6176e-02
1.0715e+02,5.7893e-01,7.5758e-02
1.1092e+02,5.8069e-01,7.5343e-02
1.1482e+02,5.8244e-01,7.4931e-02
1.1885e+02,5.8417e-01,7.4523e-02
1.2303e+02,5.8590e-01,7.4117e-02
1.2735e+02,5.8762e-01,7.3714e-02
1.3183e+02,5.8933e-01,7.3315e-02
1.3646e+02,5.9102e-01,7.2918e-02
1.4125e+02,5.9271e-01,7.2525e-02
1.4622e+02,5.9439e-01,7.2134e-02
1.5136e+02,5.9606e-01,7.1747e-02
1.5668e+02,5.9772e-01,7.1362e-02
1.6218e+02,5.9937e-01,7.0981e-02
1.6788e+02,6.0101e-01,7.0603e-02
1.7378e+02,6.0264e-01,7.0228e-02
1.7989e+02,6.0426e-01,6.9855e-02
1.8621e+02,6.0588e-01,6.9486e-02
1.9275e+02,6.0748e-01,6.9120e-02
1.9953e+02,6.0908e-01,6.8757e-02
2.0654e+02,6.1066e-01,6.8397e-02
2.1380e+02,6.1224e-01,6.8040e-02
2.2131e+02,6.1381e-01,6.7686e-02
2.2909e+02,6.1537e-01,6.7334e-02
2.3714e+02,6.1692e-01,6.6986e-02
2.4547e+02,6.1847e-01,6.6641e-02
2.5410e+02,6.2000e-01,6.6299e-02
2.6303e+02,6.2153e-01,6.5960e-02
2.7227e+02,6.2305e-01,6.5624e-02
2.8184e+02,6.2456e-01,6.5291e-02
2.9174e+02,6.2606e-01,6.4960e-02
3.0200e+02,6.2755e-01,6.4633e-02
3.1261e+02,6.2904e-01,6.4309e-02
3.2359e+02,6.3052e-01,6.3987e-02
3.3497e+02,6.3199e-01,6.3669e-02
3.4674e+02,6.3345e-01,6.3353e-02
3.5892e+02,6.3490e-01,6.3041e-02
3.7154e+02,6.3635e-01,6.2731e-02
3.8459e+02,6.3779e-01,6.2424e-02
3.9811e+02,6.3922e-01,6.2120e-02
4.1210e+02,6.4065e-01,6.1819e-02
4.2658e+02,6.4206e-01,6.1521e-02
4.4157e+02,6.4347e-01,6.1225e-02
4.5709e+02,6.4488e-01,6.0933e-02
4.7315e+02,6.4627e-01,6.0643e-02
4.8978e+02,6.4766e-01,6.0356e-02
5.0699e+02,6.4904e-01,6.0072e-02
5.2481e+02,6.5041e-01,5.9791e-02
5.4325e+02,6.5178e-01,5.9512e-02
5.6234e+02,6.5314e-01,5.9236e-02
5.8210e+02,6.5450e-01,5.8963e-02
6.0256e+02,6.5584e-01,5.8693e-02
6.2373e+02,6.5718e-01,5.8425e-02
6.4565e+02,6.5852e-01,5.8160e-02
6.6834e+02,6.5985e-01,5.7898e-02
6.9183e+02,6.6117e-01,5.7638e-02
7.1614e+02,6.6248e-01,5.7381e-02
7.4131e+02,6.6379e-01,5.7127e-02
7.6736e+02,6.6509e-01,5.6875e-02
7.9433e+02,6.6639e-01,5.6626e-02
8.2224e+02,6.6768e-01,5.6379e-02
8.5114e+02,6.6896e-01,5.6135e-02
8.8105e+02,6.7024e-01,5.5894e-02
9.1201e+02,6.7151e-01,5.5655e-02
9.4406e+02,6.7278e-01,5.5419e-02
9.7724e+02,6.7404e-01,5.5185e-02
1.0116e+03,6.7529e-01,5.4954e-02
1.0471e+03,6.7654e-01,5.4725e-02
1.0839e+03,6.7779e-01,5.4499e-02
1.1220e+03,6.7902e-01,5.4275e-02
1.1614e+03,6.8026e-01,5.4053e-02
1.2023e+03,6.8148e-01,5.3834e-02
1.2445e+03,6.8271e-01,5.3617e-02
1.2882e+03,6.8392e-01,5.3403e-02
1.3335e+03,6.8513e-01,5.3191e-02
1.3804e+03,6.8634e-01,5.2981e-02
1.4289e+03,6.8754e-01,5.2774e-02
1.4791e+03,6.8874e-01,5.2569e-02
1.5311e+03,6.8993e-01,5.2366e-02
1.5849e+03,6.9112e-01,5.2165e-02
1.6406e+03,6.9230e-01,5.1967e-02
1.6982e+03,6.9347e-01,5.1771e-02
1.7579e+03,6.9464e-01,5.1577e-02
1.8197e+03,6.9581e-01,5.1385e-02
1.8836e+03,6.9697e-01,5.1195e-02
1.9498e+03,6.9813e-01,5.1008e-02
2.0184e+03,6.9928e-01,5.0822e-02
2.0893e+03,7.0043e-01,5.0639e-02
2.1627e+03,7.0158e-01,5.0458e-02
2.2387e+03,7.0272e-01,5.0279e-02
2.3174e+03,7.0385e-01,5.0102e-02
2.3988e+03,7.0498e-01,4.9927e-02
2.4831e+03,7.0611e-01,4.9754e-02
2.5704e+03,7.0723e-01,4.9582e-02
2.6607e+03,7.0835e-01,4.9413e-02
2.7542e+03,7.0947e-01,4.9246e-02
2.8510e+03,7.1058e-01,4.9081e-02
2.9512e+03,7.1168e-01,4.8917e-02
3.0549e+03,7.1279e-01,4.8756e-02
3.1623e+03,7.1388e-01,4.8596e-02
3.2734e+03,7.1498e-01,4.8438e-02
3.3884e+03,7.1607e-01,4.8282e-02
3.5075e+03,7.1716e-01,4.8128e-02
3.6308e+03,7.1824e-01,4.7975e-02
3.7584e+03,7.1932e-01,4.7825e-02
3.8905e+03,7.2040e-01,4.7675e-02
4.0272e+03,7.2147e-01,4.7528e-02
4.1687e+03,7.2254e-01,4.7383e-02
4.3152e+03,7.2360e-01,4.7239e-02
4.4668e+03,7.2467e-01,4.7096e-02
4.6238e+03,7.2572e-01,4.6956e-02
4.7863e+03,7.2678e-01,4.6816e-02
4.9545e+03,7.2783e-01,4.6679e-02
5.1286e+03,7.2888e-01,4.6543e-02
5.3088e+03,7.2992e-01,4.6409e-02
5.4954e+03,7.3097e-01,4.6276e-02
5.6885e+03,7.3200e-01,4.6144e-02
5.8884e+03,7.3304e-01,4.6014e-02
6.0954e+03,7.3407e-01,4.5886e-02
6.3096e+03,7.3510e-01,4.5759e-02
6.5313e+03,7.3613e-01,4.5633e-02
6.7608e+03,7.3715e-01,4.5509e-02
6.9984e+03,7.3817e-01,4.5386e-02
7.2444e+03,7.3919e-01,4.5265e-02
7.4989e+03,7.4020e-01,4.5145e-02
7.7625e+03,7.4122e-01,4.5026e-02
8.0353e+03,7.4222e-01,4.4909e-02
8.3176e+03,7.4323e-01,4.4792e-02
8.6099e+03,7.4423e-01,4.4677e-02
8.9125e+03,7.4523e-01,4.4564e-02
9.2257e+03,7.4623e-01,4.4451e-02
9.5499e+03,7.4723e-01,4.4340e-02
9.8855e+03,7.4822e-01,4.4230e-02
1.0233e+04,7.4921e-01,4.4121e-02
1.0593e+04,7.5020e-01,4.4013e-02
1.0965e+04,7.5118e-01,4.3906e-02
1.1350e+04,7.5216e-01,4.3801e-02
1.1749e+04,7.5314e-01,4.3696e-02
1.2162e+04,7.5412e-01,4.3593e-02
1.2589e+04,7.5509e-01,4.3491e-02
1.3032e+04,7.5607e-01,4.3389e-02
1.3490e+04,7.5704e-01,4.3289e-02
1.3964e+04,7.5800e-01,4.3190e-02
1.4454e+04,7.5897e-01,4.3091e-02
1.4962e+04,7.5993e-01,4.2994e-02
1.5488e+04,7.6089e-01,4.2898e-02
1.6032e+04,7.6185e-01,4.2802e-02
1.6596e+04,7.6281e-01,4.2707e-02
1.7179e+04,7.6376e-01,4.2614e-02
1.7783e+04,7.6471e-01,4.2521e-02
1.8408e+04,7.6566e-01,4.2429e-02
1.9055e+04,7.6661e-01,4.2337e-02
1.9724e+04,7.6755e-01,4.2247e-02
2.0417e+04,7.6849e-01,4.2157e-02
2.1135e+04,7.6944e-01,4.2069e-02
2.1878e+04,7.7037e-01,4.1980e-02
2.2646e+04,7.7131e-01,4.1893e-02
2.3442e+04,7.7225e-01,4.1807e-02
2.4266e+04,7.7318e-01,4.1721e-02
2.5119e+04,7.7411e-01,4.1635e-02
2.6002e+04,7.7504e-01,4.1551e-02
2.6915e+04,7.7596e-01,4.1467e-02
2.7861e+04,7.7689e-01,4.1384e-02
2.8840e+04,7.7781e-01,4.1301e-02
2.9854e+04,7.7873e-01,4.1219e-02
3.0903e+04,7.7965e-01,4.1138e-02
3.1989e+04,7.8057e-01,4.1057e-02
3.3113e+04,7.8148e-01,4.0976e-02
3.4277e+04,7.8239e-01,4.0897e-02
3.5481e+04,7.8331e-01,4.0818e-02
3.6728e+04,7.8421e-01,4.0739e-02
3.8019e+04,7.8512e-01,4.0661e-02
3.9355e+04,7.8603e-01,4.0583e-02
4.0738e+04,7.8693e-01,4.0506e-02
4.2170e+04,7.8783e-01,4.0429e-02
4.3652e+04,7.8873e-01,4.0352e-02
4.5186e+04,7.8963e-01,4.0277e-02
4.6774e+04,7.9053e-01,4.0201e-02
4.8417e+04,7.9142e-01,4.0126e-02
5.0119e+04,7.9232e-01,4.0051e-02
5.1880e+04,7.9321e-01,3.9977e-02
5.3703e+04,7.9410e-01,3.9903e-02
5.5590e+04,7.9499e-01,3.9829e-02
5.7544e+04,7.9587e-01,3.9756e-02
5.9566e+04,7.9676e-01,3.9683e-02
6.1660e+04,7.9764e-01,3.9610e-02
6.3826e+04,7.9852e-01,3.9537e-02
6.6069e+04,7.9940e-01,3.9465e-02
6.8391e+04,8.0028e-01,3.9393e-02
7.0795e+04,8.0116e-01,3.9321e-02
7.3282e+04,8.0203e-01,3.9250e-02
7.5858e+04,8.0291e-01,3.9179e-02
7.8524e+04,8.0378e-01,3.9108e-02
8.1283e+04,8.0465e-01,3.9037e-02
8.4140e+04,8.0551e-01,3.8966e-02
8.7096e+04,8.0638e-01,3.8895e-02
9.0157e+04,8.0725e-01,3.8825e-02
9.3325e+04,8.0811e-01,3.8755e-02
9.6605e+04,8.0897e-01,3.8685e-02
1.0000e+05,8.0983e-01,3.8615e-02
1.0351e+05,8.1069e-01,3.8545e-02
1.0715e+05,8.1155e-01,3.8475e-02
1.1092e+05,8.1240e-01,3.8406e-02
1.1482e+05,8.1326e-01,3.8336e-02
1.1885e+05,8.1411e-01,3.8266e-02
1.2303e+05,8.1496e-01,3.8197e-02
1.2735e+05,8.1581e-01,3.8128e-02
1.3183e+05,8.1666e-01,3.8058e-02
1.3646e+05,8.1750e-01,3.7989e-02
1.4125e+05,8.1835e-01,3.7919e-02
1.4622e+05,8.1919e-01,3.7850e-02
1.5136e+05,8.2003e-01,3.7781e-02
1.5668e+05,8.2087e-01,3.7711e-02
1.6218e+05,8.2171e-01,3.7642e-02
1.6788e+05,8.2255e-01,3.7573e-02
1.7378e+05,8.2338e-01,3.7503e-02
1.7989e+05,8.2422e-01,3.7434e-02
1.8621e+05,8.2505e-01,3.7364e-02
1.9275e+05,8.2588e-01,3.7294e-02
1.9953e+05,8.2671e-01,3.7225e-02
2.0654e+05,8.2753e-01,3.7155e-02
2.1380e+05,8.2836e-01,3.7085e-02
2.2131e+05,8.2918e-01,3.7015e-02
2.2909e+05,8.3001e-01,3.6945e-02
2.3714e+05,8.3083e-01,3.6874e-02
2.4547e+05,8.3165e-01,3.6804e-02
2.5410e+05,8.3246e-01,3.6733e-02
2.6303e+05,8.3328e-01,3.6663e-02
2.7227e+05,8.3410e-01,3.6592e-02
2.8184e+05,8.3491e-01,3.6521e-02
2.9174e+05,8.3572e-01,3.6450e-02
3.0200e+05,8.3653e-01,3.6378e-02
3.1261e+05,8.3734e-01,3.6307e-02
3.2359e+05,8.3814e-01,3.6235e-02
3.3497e+05,8.3895e-01,3.6163e-02
3.4674e+05,8.3975e-01,3.6091e-02
3.5892e+05,8.4056e-01,3.6019e-02
3.7154e+05,8.4136e-01,3.5946e-02
3.8459e+05,8.4215e-01,3.5873e-02
3.9811e+05,8.4295e-01,3.5801e-02
4.1210e+05,8.4375e-01,3.5727e-02
4.2658e+05,8.4454e-01,3.5654e-02
4.4157e+05,8.4533e-01,3.5580e-02
4.5709e+05,8.4612e-01,3.5506e-02
4.7315e+05,8.4691e-01,3.5432e-02
4.8978e+05,8.4770e-01,3.5358e-02
5.0699e+05,8.4848e-01,3.5283e-02
5.2481e+05,8.4927e-01,3.5208e-02
5.4325e+05,8.5005e-01,3.5133e-02
5.6234e+05,8.5083e-01,3.5057e-02
5.8210e+05,8.5161e-01,3.4981e-02
6.0256e+05,8.5239e-01,3.4905e-02
6.2373e+05,8.5316e-01,3.4829e-02
6.4565e+05,8.5394e-01,3.4752e-02
6.6834e+05,8.5471e-01,3.4675e-02
6.9183e+05,8.5548e-01,3.4598e-02
7.1614e+05,8.5625e-01,3.4520e-02
7.4131e+05,8.5701e-01,3.4442e-02
7.6736e+05,8.5778e-01,3.4364e-02
7.9433e+05,8.5854e-01,3.4285e-02
8.2224e+05,8.5930e-01,3.4206e-02
8.5114e+05,8.6006e-01,3.4127e-02
8.8105e+05,8.6082e-01,3.4048e-02
9.1201e+05,8.6158e-01,3.3968e-02
9.4406e+05,8.6233e-01,3.3887e-02
9.7724e+05,8.6309e-01,3.3807e-02
1.0116e+06,8.6384e-01,3.3726e-02
1.0471e+06,8.6459e-01,3.3645e-02
1.0839e+06,8.6533e-01,3.3563e-02
1.1220e+06,8.6608e-01,3.3481e-02
1.1614e+06,8.6682e-01,3.3399e-02
1.2023e+06,8.6757e-01,3.3316e-02
1.2445e+06,8.6831e-01,3.3233e-02
1.2882e+06,8.6904e-01,3.3150e-02
1.3335e+06,8.6978e-01,3.3066e-02
1.3804e+06,8.7052e-01,3.2982e-02
1.4289e+06,8.7125e-01,3.2898e-02
1.4791e+06,8.7198e-01,3.2813e-02
1.5311e+06,8.7271e-01,3.2728e-02
1.5849e+06,8.7343e-01,3.2643e-02
1.6406e+06,8.7416e-01,3.2557e-02
1.6982e+06,8.7488e-01,3.2471e-02
1.7579e+06,8.7560e-01,3.2384e-02
1.8197e+06,8.7632e-01,3.2297e-02
1.8836e+06,8.7704e-01,3.2210e-02
1.9498e+06,8.7776e-01,3.2122e-02
2.0184e+06,8.7847e-01,3.2034e-02
2.0893e+06,8.7918e-01,3.1946e-02
2.1627e+06,8.7989e-01,3.1857e-02
2.2387e+06,8.8060e-01,3.1768e-02
2.3174e+06,8.8131e-01,3.1678e-02
2.3988e+06,8.8201e-01,3.1589e-02
2.4831e+06,8.8271e-01,3.1498e-02
2.5704e+06,8.8341e-01,3.1408e-02
2.6607e+06,8.8411e-01,3.1317e-02
2.7542e+06,8.8480e-01,3.1226e-02
2.8510e+06,8.8550e-01,3.1134e-02
2.9512e+06,8.8619e-01,3.1042e-02
3.0549e+06,8.8688e-01,3.0949e-02
3.1623e+06,8.8757e-01,3.0857e-02
3.2734e+06,8.8825e-01,3.0764e-02
3.3884e+06,8.8894e-01,3.0670e-02
3.5075e+06,8.8962e-01,3.0576e-02
3.6308e+06,8.9030e-01,3.0482e-02
3.7584e+06,8.9097e-01,3.0388e-02
3.8905e+06,8.9165e-01,3.0293e-02
4.0272e+06,8.9232e-01,3.0198e-02
4.1687e+06,8.9299e-01,3.0102e-02
4.3152e+06,8.9366e-01,3.0006e-02
4.4668e+06,8.9433e-01,2.9910e-02
4.6238e+06,8.9499e-01,2.9813e-02
4.7863e+06,8.9566e-01,2.9716e-02
4.9545e+06,8.9632e-01,2.9619e-02
5.1286e+06,8.9697e-01,2.9522e-02
5.3088e+06,8.9763e-01,2.9424e-02
5.4954e+06,8.9828e-01,2.9325e-02
5.6885e+06,8.9894e-01,2.9227e-02
5.8884e+06,8.9958e-01,2.9128e-02
6.0954e+06,9.0023e-01,2.9029e-02
6.3096e+06,9.0088e-01,2.8929e-02
6.5313e+06,9.0152e-01,2.8829e-02
6.7608e+06,9.0216e-01,2.8729e-02
6.9984e+06,9.0280e-01,2.8629e-02
7.2444e+06,9.0343e-01,2.8528e-02
7.4989e+06,9.0407e-01,2.8427e-02
7.7625e+06,9.0470e-01,2.8325e-02
8.0353e+06,9.0533e-01,2.8224e-02
8.3176e+06,9.0596e-01,2.8122e-02
8.6099e+06,9.0658e-01,2.8019e-02
8.9125e+06,9.0720e-01,2.7917e-02
9.2257e+06,9.0782e-01,2.7814e-02
9.5499e+06,9.0844e-01,2.7711e-02
9.8855e+06,9.0906e-01,2.7608e-02
1.0233e+07,9.0967e-01,2.7504e-02
1.0593e+07,9.1028e-01,2.7400e-02
1.0965e+07,9.1089e-01,2.7296e-02
1.1350e+07,9.1150e-01,2.7191e-02
1.1749e+07,9.1210e-01,2.7087e-02
1.2162e+07,9.1270e-01,2.6982e-02
1.2589e+07,9.1330e-01,2.6877e-02
1.3032e+07,9.1390e-01,2.6771e-02
1.3490e+07,9.1449e-01,2.6665e-02
1.3964e+07,9.1509e-01,2.6560e-02
1.4454e+07,9.1568e-01,2.6453e-02
1.4962e+07,9.1626e-01,2.6347e-02
1.5488e+07,9.1685e-01,2.6241e-02
1.6032e+07,9.1743e-01,2.6134e-02
1.6596e+07,9.1801e-01,2.6027e-02
1.7179e+07,9.1859e-01,2.5919e-02
1.7783e+07,9.1917e-01,2.5812e-02
1.8408e+07,9.1974e-01,2.5704e-02
1.9055e+07,9.2031e-01,2.5597e-02
1.9724e+07,9.2088e-01,2.5489e-02
2.0417e+07,9.2144e-01,2.5380e-02
2.1135e+07,9.2201e-01,2.5272e-02
2.1878e+07,9.2257e-01,2.5164e-02
2.2646e+07,9.2313e-01,2.5055e-02
2.3442e+07,9.2368e-01,2.4946e-02
2.4266e+07,9.2424e-01,2.4837e-02
2.5119e+07,9.2479e-01,2.4728e-02
2.6002e+07,9.2534e-01,2.4618e-02
2.6915e+07,9.2589e-01,2.4509e-02
2.7861e+07,9.2643e-01,2.4399e-02
2.8840e+07,9.2697e-01,2.4290e-02
2.9854e+07,9.2751e-01,2.4180e-02
3.0903e+07,9.2805e-01,2.4070e-02
3.1989e+07,9.2858e-01,2.3960e-02
3.3113e+07,9.2911e-01,2.3849e-02
3.4277e+07,9.2964e-01,2.3739e-02
3.5481e+07,9.3017e-01,2.3628e-02
3.6728e+07,9.3070e-01,2.3518e-02
3.8019e+07,9.3122e-01,2.3407e-02
3.9355e+07,9.3174e-01,2.3297e-02
4.0738e+07,9.3225e-01,2.3186e-02
4.2170e+07,9.3277e-01,2.3075e-02
4.3652e+07,9.3328e-01,2.2964e-02
4.5186e+07,9.3379e-01,2.2853e-02
4.6774e+07,9.3430e-01,2.2742e-02
4.8417e+07,9.3480e-01,2.2631e-02
5.0119e+07,9.3531e-01,2.2519e-02
5.1880e+07,9.3581e-01,2.2408e-02
5.3703e+07,9.3630e-01,2.2297e-02
5.5590e+07,9.3680e-01,2.2185e-02
5.7544e+07,9.3729e-01,2.2074e-02
5.9566e+07,9.3778e-01,2.1963e-02
6.1660e+07,9.3827e-01,2.1851e-02
6.3826e+07,9.3875e-01,2.1740e-02
6.6069e+07,9.3923e-01,2.1628e-02
6.8391e+07,9.3971e-01,2.1517e-02
7.0795e+07,9.4019e-01,2.1406e-02
7.3282e+07,9.4067e-01,2.1294e-02
7.5858e+07,9.4114e-01,2.1183e-02
7.8524e+07,9.4161e-01,2.1071e-02
8.1283e+07,9.4208e-01,2.0960e-02
8.4140e+07,9.4254e-01,2.0849e-02
8.7096e+07,9.4300e-01,2.0737e-02
9.0157e+07,9.4346e-01,2.0626e-02
9.3325e+07,9.4392e-01,2.0515e-02
9.6605e+07,9.4438e-01,2.0404e-02
1.0000e+08,9.4483e-01,2.0292e-02
1.0351e+08,9.4528e-01,2.0181e-02
1.0715e+08,9.4573e-01,2.0070e-02
1.1092e+08,9.4617e-01,1.9959e-02
1.1482e+08,9.4662e-01,1.9849e-02
1.1885e+08,9.4706e-01,1.9738e-02
1.2303e+08,9.4749e-01,1.9627e-02
1.2735e+08,9.4793e-01,1.9517e-02
1.3183e+08,9.4836e-01,1.9406e-02
1.3646e+08,9.4879e-01,1.9296e-02
1.4125e+08,9.4922e-01,1.9185e-02
1.4622e+08,9.4965e-01,1.9075e-02
1.5136e+08,9.5007e-01,1.8965e-02
1.5668e+08,9.5049e-01,1.8855e-02
1.6218e+08,9.5091e-01,1.8745e-02
1.6788e+08,9.5132e-01,1.8636e-02
1.7378e+08,9.5174e-01,1.8526e-02
1.7989e+08,9.5215e-01,1.8417e-02
1.8621e+08,9.5255e-01,1.8307e-02
1.9275e+08,9.5296e-01,1.8198e-02
1.9953e+08,9.5336e-01,1.8089e-02
2.0654e+08,9.5376e-01,1.7980e-02
2.1380e+08,9.5416e-01,1.7872e-02
2.2131e+08,9.5456e-01,1.7763e-02
2.2909e+08,9.5495e-01,1.7655e-02
2.3714e+08,9.5534e-01,1.7547e-02
2.4547e+08,9.5573e-01,1.7439e-02
2.5410e+08,9.5612e-01,1.7331e-02
2.6303e+08,9.5650e-01,1.7224e-02
2.7227e+08,9.5689e-01,1.7116e-02
2.8184e+08,9.5726e-01,1.7009e-02
2.9174e+08,9.5764e-01,1.6902e-02
3.0200e+08,9.5802e-01,1.6796e-02
3.1261e+08,9.5839e-01,1.6689e-02
3.2359e+08,9.5876e-01,1.6583e-02
3.3497e+08,9.5913e-01,1.6477e-02
3.4674e+08,9.5949e-01,1.6371e-02
3.5892e+08,9.5985e-01,1.6265e-02
3.7154e+08,9.6021e-01,1.6160e-02
3.8459e+08,9.6057e-01,1.6055e-02
3.9811e+08,9.6093e-01,1.5950e-02
4.1210e+08,9.6128e-01,1.5845e-02
4.2658e+08,9.6163e-01,1.5741e-02
4.4157e+08,9.6198e-01,1.5637e-02
4.5709e+08,9.6233e-01,1.5533e-02
4.7315e+08,9.6267e-01,1.5429e-02
4.8978e+08,9.6301e-01,1.5326e-02
5.0699e+08,9.6335e-01,1.5223e-02
5.2481e+08,9.6369e-01,1.5120e-02
5.4325e+08,9.6402e-01,1.5018e-02
5.6234e+08,9.6435e-01,1.4915e-02
5.8210e+08,9.6468e-01,1.4813e-02
6.0256e+08,9.6501e-01,1.4712e-02
6.2373e+08,9.6534e-01,1.4610e-02
6.4565e+08,9.6566e-01,1.4509e-02
6.6834e+08,9.6598e-01,1.4409e-02
6.9183e+08,9.6630e-01,1.4308e-02
7.1614e+08,9.6662e-01,1.4208e-02
7.4131e+08,9.6693e-01,1.4108e-02
7.6736e+08,9.6724e-01,1.4009e-02
7.9433e+08,9.6755e-01,1.3910e-02
8.2224e+08,9.6786e-01,1.3811e-02
8.5114e+08,9.6817e-01,1.3712e-02
8.8105e+08,9.6847e-01,1.3614e-02
9.1201e+08,9.6877e-01,1.3516e-02
9.4406e+08,9.6907e-01,1.3419e-02
9.7724e+08,9.6937e-01,1.3321e-02
1.0116e+09,9.6966e-01,1.3225e-02
1.0471e+09,9.6995e-01,1.3128e-02
1.0839e+09,9.7024e-01,1.3032e-02
1.1220e+09,9.7053e-01,1.2936e-02
1.1614e+09,9.7082e-01,1.2841e-02
1.2023e+09,9.7110e-01,1.2745e-02
1.2445e+09,9.7138e-01,1.2651e-02
1.2882e+09,9.7166e-01,1.2556e-02
1.3335e+09,9.7194e-01,1.2462e-02
1.3804e+09,9.7222e-01,1.2369e-02
1.4289e+09,9.7249e-01,1.2275e-02
1.4791e+09,9.7276e-01,1.2182e-02
1.5311e+09,9.7303e-01,1.2090e-02
1.5849e+09,9.7330e-01,1.1998e-02
1.6406e+09,9.7356e-01,1.1906e-02
1.6982e+09,9.7383e-01,1.1814e-02
1.7579e+09,9.7409e-01,1.1723e-02
1.8197e+09,9.7435e-01,1.1633e-02
1.8836e+09,9.7460e-01,1.1542e-02
1.9498e+09,9.7486e-01,1.1453e-02
2.0184e+09,9.7511e-01,1.1363e-02
2.0893e+09,9.7536e-01,1.1274e-02
2.1627e+09,9.7561e-01,1.1185e-02
2.2387e+09,9.7586e-01,1.1097e-02
2.3174e+09,9.7610e-01,1.1009e-02
2.3988e+09,9.7635e-01,1.0921e-02
2.4831e+09,9.7659e-01,1.0834e-02
2.5704e+09,9.7683e-01,1.0748e-02
2.6607e+09,9.7706e-01,1.0661e-02
2.7542e+09,9.7730e-01,1.0575e-02
2.8510e+09,9.7753e-01,1.0490e-02
2.9512e+09,9.7777e-01,1.0405e-02
3.0549e+09,9.7799e-01,1.0320e-02
3.1623e+09,9.7822e-01,1.0236e-02
3.2734e+09,9.7845e-01,1.0152e-02
3.3884e+09,9.7867e-01,1.0068e-02
3.5075e+09,9.7889e-01,9.9854e-03
3.6308e+09,9.7912e-01,9.9028e-03
3.7584e+09,9.7933e-01,9.8206e-03
3.8905e+09,9.7955e-01,9.7388e-03
4.0272e+09,9.7977e-01,9.6574e-03
4.1687e+09,9.7998e-01,9.5765e-03
4.3152e+09,9.8019e-01,9.4960e-03
4.4668e+09,9.8040e-01,9.4159e-03
4.6238e+09,9.8061e-01,9.3362e-03
4.7863e+09,9.8081e-01,9.2569e-03
4.9545e+09,9.8102e-01,9.1781e-03
5.1286e+09,9.8122e-01,9.0997e-03
5.3088e+09,9.8142e-01,9.0217e-03
5.4954e+09,9.8162e-01,8.9441e-03
5.6885e+09,9.8182e-01,8.8670e-03
5.8884e+09,9.8201e-01,8.7903e-03
6.0954e+09,9.8221e-01,8.7140e-03
6.3096e+09,9.8240e-01,8.6382e-03
6.5313e+09,9.8259e-01,8.5628e-03
6.7608e+09,9.8278e-01,8.4878e-03
6.9984e+09,9.8296e-01,8.4132e-03
7.2444e+09,9.8315e-01,8.3391e-03
7.4989e+09,9.8333e-01,8.2654e-03
7.7625e+09,9.8352e-01,8.1922e-03
8.0353e+09,9.8370e-01,8.1193e-03
8.3176e+09,9.8388e-01,8.0469e-03
8.6099e+09,9.8405e-01,7.9750e-03
8.9125e+09,9.8423e-01,7.9034e-03
9.2257e+09,9.8440e-01,7.8323e-03
9.5499e+09,9.8458e-01,7.7617e-03
9.8855e+09,9.8475e-01,7.6914e-03
1.0233e+10,9.8492e-01,7.6216e-03
1.0593e+10,9.8508e-01,7.5523e-03
1.0965e+10,9.8525e-01,7.4833e-03
1.1350e+10,9.8541e-01,7.4148e-03
1.1749e+10,9.8558e-01,7.3467e-03
1.2162e+10,9.8574e-01,7.2791e-03
1.2589e+10,9.8590e-01,7.2118e-03
1.3032e+10,9.8606e-01,7.1451e-03
1.3490e+10,9.8622e-01,7.0787e-03
1.3964e+10,9.8637e-01,7.0128e-03
1.4454e+10,9.8653e-01,6.9473e-03
1.4962e+10,9.8668e-01,6.8822e-03
1.5488e+10,9.8683e-01,6.8176e-03
1.6032e+10,9.8698e-01,6.7533e-03
1.6596e+10,9.8713e-01,6.6896e-03
1.7179e+10,9.8728e-01,6.6262e-03
1.7783e+10,9.8742e-01,6.5633e-03
1.8408e+10,9.8757e-01,6.5007e-03
1.9055e+10,9.8771e-01,6.4387e-03
1.9724e+10,9.8785e-01,6.3770e-03
2.0417e+10,9.8799e-01,6.3158e-03
2.1135e+10,9.8813e-01,6.2549e-03
2.1878e+10,9.8827e-01,6.1946e-03
2.2646e+10,9.8841e-01,6.1346e-03
2.3442e+10,9.8854e-01,6.0750e-03
2.4266e+10,9.8867e-01,6.0159e-03
2.5119e+10,9.8881e-01,5.9572e-03
2.6002e+10,9.8894e-01,5.8989e-03
2.6915e+10,9.8907e-01,5.8410e-03
2.7861e+10,9.8920e-01,5.7835e-03
2.8840e+10,9.8932e-01,5.7265e-03
2.9854e+10,9.8945e-01,5.6699e-03
3.0903e+10,9.8957e-01,5.6136e-03
3.1989e+10,9.8970e-01,5.5578e-03
3.3113e+10,9.8982e-01,5.5024e-03
3.4277e+10,9.8994e-01,5.4474e-03
3.5481e+10,9.9006e-01,5.3928e-03
3.6728e+10,9.9018e-01,5.3387e-03
3.8019e+10,9.9030e-01,5.2849e-03
3.9355e+10,9.9041e-01,5.2315e-03
4.0738e+10,9.9053e-01,5.1786e-03
4.2170e+10,9.9064e-01,5.1260e-03
4.3652e+10,9.9075e-01,5.0739e-03
4.5186e+10,9.9087e-01,5.0221e-03
4.6774e+10,9.9098e-01,4.9707e-03
4.8417e+10,9.9109e-01,4.9198e-03
5.0119e+10,9.9119e-01,4.8692e-03
5.1880e+10,9.9130e-01,4.8190e-03
5.3703e+10,9.9141e-01,4.7692e-03
5.5590e+10,9.9151e-01,4.7199e-03
5.7544e+10,9.9161e-01,4.6709e-03
5.9566e+10,9.9172e-01,4.6222e-03
6.1660e+10,9.9182e-01,4.5740e-03
6.3826e+10,9.9192e-01,4.5262e-03
6.6069e+10,9.9202e-01,4.4787e-03
6.8391e+10,9.9212e-01,4.4317e-03
7.0795e+10,9.9221e-01,4.3850e-03
7.3282e+10,9.9231e-01,4.3386e-03
7.5858e+10,9.9241e-01,4.2927e-03
7.8524e+10,9.9250e-01,4.2472e-03
8.1283e+10,9.9259e-01,4.2020e-03
8.4140e+10,9.9269e-01,4.1572e-03
8.7096e+10,9.9278e-01,4.1127e-03
9.0157e+10,9.9287e-01,4.0687e-03
9.3325e+10,9.9296e-01,4.0250e-03
9.6605e+10,9.9305e-01,3.9816e-03
1.0000e+11,9.9313e-01,3.9387e-03
