   f   ,G_stor ,G_loss 
  Hz   ,  GPa  ,  GPa  
1.0000e-04,5.8594e-07,9.9652e-05
1.0351e-04,6.1972e-07,1.0315e-04
1.0715e-04,6.5545e-07,1.0676e-04
1.1092e-04,6.9325e-07,1.1051e-04
1.1482e-04,7.3322e-07,1.1438e-04
1.1885e-04,7.7549e-07,1.1839e-04
1.2303e-04,8.2021e-07,1.2254e-04
1.2735e-04,8.6750e-07,1.2684e-04
1.3183e-04,9.1752e-07,1.3128e-04
1.3646e-04,9.7042e-07,1.3588e-04
1.4125e-04,1.0264e-06,1.4064e-04
1.4622e-04,1.0856e-06,1.4557e-04
1.5136e-04,1.1481e-06,1.5067e-04
1.5668e-04,1.2143e-06,1.5595e-04
1.6218e-04,1.2844e-06,1.6142e-04
1.6788e-04,1.3584e-06,1.6707e-04
1.7378e-04,1.4367e-06,1.7293e-04
1.7989e-04,1.5196e-06,1.7898e-04
1.8621e-04,1.6072e-06,1.8525e-04
1.9275e-04,1.6998e-06,1.9174e-04
1.9953e-04,1.7978e-06,1.9846e-04
2.0654e-04,1.9015e-06,2.0541e-04
2.1380e-04,2.0111e-06,2.1260e-04
2.2131e-04,2.1270e-06,2.2005e-04
2.2909e-04,2.2496e-06,2.2775e-04
2.3714e-04,2.3793e-06,2.3572e-04
2.4547e-04,2.5165e-06,2.4397e-04
2.5410e-04,2.6616e-06,2.5251e-04
2.6303e-04,2.8150e-06,2.6135e-04
2.7227e-04,2.9772e-06,2.7050e-04
2.8184e-04,3.1489e-06,2.7996e-04
2.9174e-04,3.3304e-06,2.8976e-04
3.0200e-04,3.5223e-06,2.9990e-04
3.1261e-04,3.7253e-06,3.1039e-04
3.2359e-04,3.9400e-06,3.2125e-04
3.3497e-04,4.1671e-06,3.3248e-04
3.4674e-04,4.4073e-06,3.4411e-04
3.5892e-04,4.6613e-06,3.5614e-04
3.7154e-04,4.9299e-06,3.6860e-04
3.8459e-04,5.2139e-06,3.8148e-04
3.9811e-04,5.5144e-06,3.9482e-04
4.1210e-04,5.8321e-06,4.0862e-04
4.2658e-04,6.1682e-06,4.2290e-04
4.4157e-04,6.5235e-06,4.3768e-04
4.5709e-04,6.8994e-06,4.5297e-04
4.7315e-04,7.2968e-06,4.6879e-04
4.8978e-04,7.7172e-06,4.8517e-04
5.0699e-04,8.1617e-06,5.0211e-04
5.2481e-04,8.6318e-06,5.1965e-04
5.4325e-04,9.1289e-06,5.3779e-04
5.6234e-04,9.6547e-06,5.5656e-04
5.8210e-04,1.0211e-05,5.7599e-04
6.0256e-04,1.0799e-05,5.9609e-04
6.2373e-04,1.1420e-05,6.1689e-04
6.4565e-04,1.2078e-05,6.3842e-04
6.6834e-04,1.2773e-05,6.6068e-04
6.9183e-04,1.3509e-05,6.8373e-04
7.1614e-04,1.4286e-05,7.0757e-04
7.4131e-04,1.5109e-05,7.3224e-04
7.6736e-04,1.5978e-05,7.5776e-04
7.9433e-04,1.6898e-05,7.8417e-04
8.2224e-04,1.7870e-05,8.1150e-04
8.5114e-04,1.8898e-05,8.3977e-04
8.8105e-04,1.9985e-05,8.6902e-04
9.1201e-04,2.1135e-05,8.9928e-04
9.4406e-04,2.2351e-05,9.3059e-04
9.7724e-04,2.3636e-05,9.6298e-04
1.0116e-03,2.4995e-05,9.9649e-04
1.0471e-03,2.6432e-05,1.0312e-03
1.0839e-03,2.7952e-05,1.0670e-03
1.1220e-03,2.9559e-05,1.1041e-03
1.1614e-03,3.1257e-05,1.1425e-03
1.2023e-03,3.3054e-05,1.1822e-03
1.2445e-03,3.4953e-05,1.2233e-03
1.2882e-03,3.6961e-05,1.2658e-03
1.3335e-03,3.9084e-05,1.3098e-03
1.3804e-03,4.1329e-05,1.3553e-03
1.4289e-03,4.3702e-05,1.4023e-03
1.4791e-03,4.6211e-05,1.4510e-03
1.5311e-03,4.8863e-05,1.5013e-03
1.5849e-03,5.1668e-05,1.5534e-03
1.6406e-03,5.4632e-05,1.6072e-03
1.6982e-03,5.7767e-05,1.6629e-03
1.7579e-03,6.1080e-05,1.7206e-03
1.8197e-03,6.4583e-05,1.7802e-03
1.8836e-03,6.8285e-05,1.8418e-03
1.9498e-03,7.2199e-05,1.9055e-03
2.0184e-03,7.6337e-05,1.9715e-03
2.0893e-03,8.0711e-05,2.0397e-03
2.1627e-03,8.5334e-05,2.1102e-03
2.2387e-03,9.0220e-05,2.1831e-03
2.3174e-03,9.5385e-05,2.2585e-03
2.3988e-03,1.0084e-04,2.3365e-03
2.4831e-03,1.0661e-04,2.4171e-03
2.5704e-03,1.1271e-04,2.5005e-03
2.6607e-03,1.1916e-04,2.5868e-03
2.7542e-03,1.2597e-04,2.6759e-03
2.8510e-03,1.3317e-04,2.7681e-03
2.9512e-03,1.4078e-04,2.8634e-03
3.0549e-03,1.4882e-04,2.9620e-03
3.1623e-03,1.5731e-04,3.0639e-03
3.2734e-03,1.6629e-04,3.1692e-03
3.3884e-03,1.7578e-04,3.2781e-03
3.5075e-03,1.8580e-04,3.3907e-03
3.6308e-03,1.9639e-04,3.5071e-03
3.7584e-03,2.0759e-04,3.6274e-03
3.8905e-03,2.1941e-04,3.7518e-03
4.0272e-03,2.3190e-04,3.8803e-03
4.1687e-03,2.4510e-04,4.0132e-03
4.3152e-03,2.5904e-04,4.1505e-03
4.4668e-03,2.7377e-04,4.2924e-03
4.6238e-03,2.8932e-04,4.4391e-03
4.7863e-03,3.0576e-04,4.5907e-03
4.9545e-03,3.2311e-04,4.7473e-03
5.1286e-03,3.4145e-04,4.9092e-03
5.3088e-03,3.6081e-04,5.0764e-03
5.4954e-03,3.8126e-04,5.2492e-03
5.6885e-03,4.0285e-04,5.4277e-03
5.8884e-03,4.2565e-04,5.6122e-03
6.0954e-03,4.4973e-04,5.8027e-03
6.3096e-03,4.7516e-04,5.9996e-03
6.5313e-03,5.0200e-04,6.2029e-03
6.7608e-03,5.3034e-04,6.4129e-03
6.9984e-03,5.6026e-04,6.6299e-03
7.2444e-03,5.9185e-04,6.8539e-03
7.4989e-03,6.2519e-04,7.0853e-03
7.7625e-03,6.6038e-04,7.3242e-03
8.0353e-03,6.9752e-04,7.5709e-03
8.3176e-03,7.3672e-04,7.8256e-03
8.6099e-03,7.7809e-04,8.0885e-03
8.9125e-03,8.2174e-04,8.3600e-03
9.2257e-03,8.6780e-04,8.6403e-03
9.5499e-03,9.1639e-04,8.9295e-03
9.8855e-03,9.6765e-04,9.2281e-03
1.0233e-02,1.0217e-03,9.5362e-03
1.0593e-02,1.0788e-03,9.8542e-03
1.0965e-02,1.1389e-03,1.0182e-02
1.1350e-02,1.2024e-03,1.0521e-02
1.1749e-02,1.2693e-03,1.0870e-02
1.2162e-02,1.3398e-03,1.1230e-02
1.2589e-02,1.4142e-03,1.1602e-02
1.3032e-02,1.4926e-03,1.1985e-02
1.3490e-02,1.5753e-03,1.2380e-02
1.3964e-02,1.6624e-03,1.2788e-02
1.4454e-02,1.7542e-03,1.3208e-02
1.4962e-02,1.8510e-03,1.3641e-02
1.5488e-02,1.9529e-03,1.4087e-02
1.6032e-02,2.0603e-03,1.4547e-02
1.6596e-02,2.1734e-03,1.5021e-02
1.7179e-02,2.2926e-03,1.5510e-02
1.7783e-02,2.4180e-03,1.6013e-02
1.8408e-02,2.5501e-03,1.6531e-02
1.9055e-02,2.6892e-03,1.7065e-02
1.9724e-02,2.8357e-03,1.7615e-02
2.0417e-02,2.9898e-03,1.8181e-02
2.1135e-02,3.1519e-03,1.8764e-02
2.1878e-02,3.3226e-03,1.9364e-02
2.2646e-02,3.5021e-03,1.9981e-02
2.3442e-02,3.6909e-03,2.0616e-02
2.4266e-02,3.8895e-03,2.1269e-02
2.5119e-02,4.0982e-03,2.1941e-02
2.6002e-02,4.3177e-03,2.2632e-02
2.6915e-02,4.5484e-03,2.3342e-02
2.7861e-02,4.7909e-03,2.4073e-02
2.8840e-02,5.0456e-03,2.4823e-02
2.9854e-02,5.3132e-03,2.5594e-02
3.0903e-02,5.5942e-03,2.6386e-02
3.1989e-02,5.8893e-03,2.7199e-02
3.3113e-02,6.1990e-03,2.8035e-02
3.4277e-02,6.5241e-03,2.8892e-02
3.5481e-02,6.8652e-03,2.9772e-02
3.6728e-02,7.2231e-03,3.0674e-02
3.8019e-02,7.5984e-03,3.1600e-02
3.9355e-02,7.9919e-03,3.2549e-02
4.0738e-02,8.4044e-03,3.3522e-02
4.2170e-02,8.8367e-03,3.4519e-02
4.3652e-02,9.2896e-03,3.5541e-02
4.5186e-02,9.7639e-03,3.6587e-02
4.6774e-02,1.0261e-02,3.7659e-02
4.8417e-02,1.0780e-02,3.8755e-02
5.0119e-02,1.1324e-02,3.9877e-02
5.1880e-02,1.1894e-02,4.1024e-02
5.3703e-02,1.2489e-02,4.2197e-02
5.5590e-02,1.3111e-02,4.3396e-02
5.7544e-02,1.3761e-02,4.4620e-02
5.9566e-02,1.4440e-02,4.5871e-02
6.1660e-02,1.5150e-02,4.7148e-02
6.3826e-02,1.5890e-02,4.8451e-02
6.6069e-02,1.6663e-02,4.9779e-02
6.8391e-02,1.7469e-02,5.1134e-02
7.0795e-02,1.8310e-02,5.2514e-02
7.3282e-02,1.9186e-02,5.3920e-02
7.5858e-02,2.0099e-02,5.5352e-02
7.8524e-02,2.1050e-02,5.6808e-02
8.1283e-02,2.2039e-02,5.8290e-02
8.4140e-02,2.3069e-02,5.9795e-02
8.7096e-02,2.4141e-02,6.1325e-02
9.0157e-02,2.5255e-02,6.2879e-02
9.3325e-02,2.6412e-02,6.4456e-02
9.6605e-02,2.7614e-02,6.6055e-02
1.0000e-01,2.8862e-02,6.7677e-02
1.0351e-01,3.0157e-02,6.9320e-02
1.0715e-01,3.1500e-02,7.0983e-02
1.1092e-01,3.2893e-02,7.2666e-02
1.1482e-01,3.4336e-02,7.4368e-02
1.1885e-01,3.5830e-02,7.6088e-02
1.2303e-01,3.7376e-02,7.7825e-02
1.2735e-01,3.8975e-02,7.9579e-02
1.3183e-01,4.0629e-02,8.1347e-02
1.3646e-01,4.2338e-02,8.3129e-02
1.4125e-01,4.4103e-02,8.4924e-02
1.4622e-01,4.5925e-02,8.6731e-02
1.5136e-01,4.7804e-02,8.8548e-02
1.5668e-01,4.9741e-02,9.0373e-02
1.6218e-01,5.1737e-02,9.2207e-02
1.6788e-01,5.3793e-02,9.4046e-02
1.7378e-01,5.5909e-02,9.5890e-02
1.7989e-01,5.8084e-02,9.7738e-02
1.8621e-01,6.0321e-02,9.9587e-02
1.9275e-01,6.2619e-02,1.0144e-01
1.9953e-01,6.4978e-02,1.0328e-01
2.0654e-01,6.7398e-02,1.0513e-01
2.1380e-01,6.9879e-02,1.0697e-01
2.2131e-01,7.2423e-02,1.0880e-01
2.2909e-01,7.5027e-02,1.1063e-01
2.3714e-01,7.7692e-02,1.1244e-01
2.4547e-01,8.0419e-02,1.1425e-01
2.5410e-01,8.3206e-02,1.1604e-01
2.6303e-01,8.6053e-02,1.1782e-01
2.7227e-01,8.8959e-02,1.1958e-01
2.8184e-01,9.1924e-02,1.2133e-01
2.9174e-01,9.4948e-02,1.2305e-01
3.0200e-01,9.8029e-02,1.2476e-01
3.1261e-01,1.0117e-01,1.2644e-01
3.2359e-01,1.0436e-01,1.2810e-01
3.3497e-01,1.0761e-01,1.2973e-01
3.4674e-01,1.1091e-01,1.3134e-01
3.5892e-01,1.1426e-01,1.3292e-01
3.7154e-01,1.1767e-01,1.3447e-01
3.8459e-01,1.2113e-01,1.3599e-01
3.9811e-01,1.2463e-01,1.3748e-01
4.1210e-01,1.2818e-01,1.3894e-01
4.2658e-01,1.3178e-01,1.4036e-01
4.4157e-01,1.3542e-01,1.4175e-01
4.5709e-01,1.3911e-01,1.4310e-01
4.7315e-01,1.4284e-01,1.4442e-01
4.8978e-01,1.4660e-01,1.4570e-01
5.0699e-01,1.5041e-01,1.4695e-01
5.2481e-01,1.5425e-01,1.4815e-01
5.4325e-01,1.5813e-01,1.4932e-01
5.6234e-01,1.6204e-01,1.5045e-01
5.8210e-01,1.6599e-01,1.5154e-01
6.0256e-01,1.6996e-01,1.5258e-01
6.2373e-01,1.7396e-01,1.5359e-01
6.4565e-01,1.7799e-01,1.5456e-01
6.6834e-01,1.8205e-01,1.5549e-01
6.9183e-01,1.8613e-01,1.5638e-01
7.1614e-01,1.9023e-01,1.5723e-01
7.4131e-01,1.9435e-01,1.5803e-01
7.6736e-01,1.9849e-01,1.5880e-01
7.9433e-01,2.0265e-01,1.5953e-01
8.2224e-01,2.0683e-01,1.6022e-01
8.5114e-01,2.1102e-01,1.6086e-01
8.8105e-01,2.1522e-01,1.6147e-01
9.1201e-01,2.1944e-01,1.6205e-01
9.4406e-01,2.2366e-01,1.6258e-01
9.7724e-01,2.2789e-01,1.6307e-01
1.0116e+00,2.3214e-01,1.6353e-01
1.0471e+00,2.3639e-01,1.6395e-01
1.0839e+00,2.4064e-01,1.6434e-01
1.1220e+00,2.4490e-01,1.6469e-01
1.1614e+00,2.4916e-01,1.6500e-01
1.2023e+00,2.5342e-01,1.6528e-01
1.2445e+00,2.5769e-01,1.6553e-01
1.2882e+00,2.6195e-01,1.6574e-01
1.3335e+00,2.6621e-01,1.6592e-01
1.3804e+00,2.7047e-01,1.6607e-01
1.4289e+00,2.7473e-01,1.6619e-01
1.4791e+00,2.7899e-01,1.6628e-01
1.5311e+00,2.8324e-01,1.6634e-01
1.5849e+00,2.8748e-01,1.6637e-01
1.6406e+00,2.9172e-01,1.6638e-01
1.6982e+00,2.9595e-01,1.6635e-01
1.7579e+00,3.0017e-01,1.6630e-01
1.8197e+00,3.0439e-01,1.6622e-01
1.8836e+00,3.0859e-01,1.6612e-01
1.9498e+00,3.1279e-01,1.6600e-01
2.0184e+00,3.1698e-01,1.6585e-01
2.0893e+00,3.2115e-01,1.6568e-01
2.1627e+00,3.2532e-01,1.6548e-01
2.2387e+00,3.2947e-01,1.6527e-01
2.3174e+00,3.3362e-01,1.6503e-01
2.3988e+00,3.3775e-01,1.6477e-01
2.4831e+00,3.4187e-01,1.6450e-01
2.5704e+00,3.4597e-01,1.6420e-01
2.6607e+00,3.5006e-01,1.6389e-01
2.7542e+00,3.5414e-01,1.6356e-01
2.8510e+00,3.5821e-01,1.6321e-01
2.9512e+00,3.6226e-01,1.6285e-01
3.0549e+00,3.6629e-01,1.6247e-01
3.1623e+00,3.7031e-01,1.6207e-01
3.2734e+00,3.7432e-01,1.6166e-01
3.3884e+00,3.7831e-01,1.6124e-01
3.5075e+00,3.8229e-01,1.6080e-01
3.6308e+00,3.8625e-01,1.6035e-01
3.7584e+00,3.9020e-01,1.5988e-01
3.8905e+00,3.9412e-01,1.5941e-01
4.0272e+00,3.9804e-01,1.5892e-01
4.1687e+00,4.0194e-01,1.5842e-01
4.3152e+00,4.0582e-01,1.5791e-01
4.4668e+00,4.0968e-01,1.5739e-01
4.6238e+00,4.1353e-01,1.5685e-01
4.7863e+00,4.1736e-01,1.5631e-01
4.9545e+00,4.2118e-01,1.5576e-01
5.1286e+00,4.2498e-01,1.5520e-01
5.3088e+00,4.2876e-01,1.5464e-01
5.4954e+00,4.3252e-01,1.5406e-01
5.6885e+00,4.3627e-01,1.5347e-01
5.8884e+00,4.4000e-01,1.5288e-01
6.0954e+00,4.4372e-01,1.5228e-01
6.3096e+00,4.4742e-01,1.5168e-01
6.5313e+00,4.5109e-01,1.5106e-01
6.7608e+00,4.5476e-01,1.5045e-01
6.9984e+00,4.5840e-01,1.4982e-01
7.2444e+00,4.6203e-01,1.4919e-01
7.4989e+00,4.6564e-01,1.4855e-01
7.7625e+00,4.6923e-01,1.4791e-01
8.0353e+00,4.7281e-01,1.4726e-01
8.3176e+00,4.7637e-01,1.4661e-01
8.6099e+00,4.7991e-01,1.4595e-01
8.9125e+00,4.8343e-01,1.4529e-01
9.2257e+00,4.8694e-01,1.4462e-01
9.5499e+00,4.9042e-01,1.4395e-01
9.8855e+00,4.9389e-01,1.4328e-01
1.0233e+01,4.9735e-01,1.4260e-01
1.0593e+01,5.0078e-01,1.4192e-01
1.0965e+01,5.0420e-01,1.4124e-01
1.1350e+01,5.0760e-01,1.4055e-01
1.1749e+01,5.1098e-01,1.3986e-01
1.2162e+01,5.1434e-01,1.3917e-01
1.2589e+01,5.1769e-01,1.3847e-01
1.3032e+01,5.2102e-01,1.3777e-01
1.3490e+01,5.2433e-01,1.3707e-01
1.3964e+01,5.2762e-01,1.3637e-01
1.4454e+01,5.3089e-01,1.3566e-01
1.4962e+01,5.3415e-01,1.3496e-01
1.5488e+01,5.3739e-01,1.3425e-01
1.6032e+01,5.4061e-01,1.3354e-01
1.6596e+01,5.4381e-01,1.3283e-01
1.7179e+01,5.4699e-01,1.3211e-01
1.7783e+01,5.5016e-01,1.3140e-01
1.8408e+01,5.5331e-01,1.3068e-01
1.9055e+01,5.5644e-01,1.2997e-01
1.9724e+01,5.5955e-01,1.2925e-01
2.0417e+01,5.6265e-01,1.2853e-01
2.1135e+01,5.6572e-01,1.2781e-01
2.1878e+01,5.6878e-01,1.2709e-01
2.2646e+01,5.7182e-01,1.2638e-01
2.3442e+01,5.7484e-01,1.2566e-01
2.4266e+01,5.7785e-01,1.2494e-01
2.5119e+01,5.8083e-01,1.2422e-01
2.6002e+01,5.8380e-01,1.2350e-01
2.6915e+01,5.8675e-01,1.2278e-01
2.7861e+01,5.8968e-01,1.2206e-01
2.8840e+01,5.9260e-01,1.2134e-01
2.9854e+01,5.9550e-01,1.2062e-01
3.0903e+01,5.9837e-01,1.1990e-01
3.1989e+01,6.0123e-01,1.1918e-01
3.3113e+01,6.0408e-01,1.1847e-01
3.4277e+01,6.0690e-01,1.1775e-01
3.5481e+01,6.0971e-01,1.1703e-01
3.6728e+01,6.1250e-01,1.1632e-01
3.8019e+01,6.1527e-01,1.1561e-01
3.9355e+01,6.1802e-01,1.1489e-01
4.0738e+01,6.2076e-01,1.1418e-01
4.2170e+01,6.2348e-01,1.1347e-01
4.3652e+01,6.2618e-01,1.1276e-01
4.5186e+01,6.2886e-01,1.1206e-01
4.6774e+01,6.3152e-01,1.1135e-01
4.8417e+01,6.3417e-01,1.1065e-01
5.0119e+01,6.3680e-01,1.0995e-01
5.1880e+01,6.3941e-01,1.0925e-01
5.3703e+01,6.4201e-01,1.0855e-01
5.5590e+01,6.4459e-01,1.0785e-01
5.7544e+01,6.4715e-01,1.0716e-01
5.9566e+01,6.4969e-01,1.0647e-01
6.1660e+01,6.5222e-01,1.0578e-01
6.3826e+01,6.5472e-01,1.0509e-01
6.6069e+01,6.5721e-01,1.0440e-01
6.8391e+01,6.5969e-01,1.0372e-01
7.0795e+01,6.6215e-01,1.0304e-01
7.3282e+01,6.6459e-01,1.0236e-01
7.5858e+01,6.6701e-01,1.0169e-01
7.8524e+01,6.6941e-01,1.0101e-01
8.1283e+01,6.7180e-01,1.0034e-01
8.4140e+01,6.7418e-01,9.9675e-02
8.7096e+01,6.7653e-01,9.9010e-02
9.0157e+01,6.7887e-01,9.8348e-02
9.3325e+01,6.8119e-01,9.7689e-02
9.6605e+01,6.8350e-01,9.7033e-02
1.0000e+02,6.8579e-01,9.6380e-02
1.0351e+02,6.8806e-01,9.5730e-02
1.0715e+02,6.9032e-01,9.5083e-02
1.1092e+02,6.9256e-01,9.4440e-02
1.1482e+02,6.9479e-01,9.3799e-02
1.1885e+02,6.9700e-01,9.3162e-02
1.2303e+02,6.9919e-01,9.2528e-02
1.2735e+02,7.0137e-01,9.1898e-02
1.3183e+02,7.0353e-01,9.1271e-02
1.3646e+02,7.0567e-01,9.0647e-02
1.4125e+02,7.0781e-01,9.0027e-02
1.4622e+02,7.0992e-01,8.9411e-02
1.5136e+02,7.1202e-01,8.8798e-02
1.5668e+02,7.1410e-01,8.8188e-02
1.6218e+02,7.1617e-01,8.7583e-02
1.6788e+02,7.1823e-01,8.6981e-02
1.7378e+02,7.2027e-01,8.6382e-02
1.7989e+02,7.2229e-01,8.5788e-02
1.8621e+02,7.2430e-01,8.5197e-02
1.9275e+02,7.2629e-01,8.4610e-02
1.9953e+02,7.2827e-01,8.4027e-02
2.0654e+02,7.3024e-01,8.3447e-02
2.1380e+02,7.3219e-01,8.2872e-02
2.2131e+02,7.3413e-01,8.2300e-02
2.2909e+02,7.3605e-01,8.1733e-02
2.3714e+02,7.3796e-01,8.1169e-02
2.4547e+02,7.3985e-01,8.0610e-02
2.5410e+02,7.4173e-01,8.0054e-02
2.6303e+02,7.4360e-01,7.9502e-02
2.7227e+02,7.4545e-01,7.8955e-02
2.8184e+02,7.4729e-01,7.8411e-02
2.9174e+02,7.4911e-01,7.7871e-02
3.0200e+02,7.5093e-01,7.7336e-02
3.1261e+02,7.5273e-01,7.6804e-02
3.2359e+02,7.5451e-01,7.6277e-02
3.3497e+02,7.5628e-01,7.5754e-02
3.4674e+02,7.5804e-01,7.5235e-02
3.5892e+02,7.5979e-01,7.4719e-02
3.7154e+02,7.6153e-01,7.4208e-02
3.8459e+02,7.6325e-01,7.3702e-02
3.9811e+02,7.6496e-01,7.3199e-02
4.1210e+02,7.6665e-01,7.2700e-02
4.2658e+02,7.6834e-01,7.2206e-02
4.4157e+02,7.7001e-01,7.1715e-02
4.5709e+02,7.7167e-01,7.1229e-02
4.7315e+02,7.7332e-01,7.0747e-02
4.8978e+02,7.7495e-01,7.0268e-02
5.0699e+02,7.7658e-01,6.9794e-02
5.2481e+02,7.7819e-01,6.9324e-02
5.4325e+02,7.7979e-01,6.8859e-02
5.6234e+02,7.8138e-01,6.8397e-02
5.8210e+02,7.8296e-01,6.7939e-02
6.0256e+02,7.8453e-01,6.7485e-02
6.2373e+02,7.8608e-01,6.7036e-02
6.4565e+02,7.8763e-01,6.6590e-02
6.6834e+02,7.8916e-01,6.6148e-02
6.9183e+02,7.9068e-01,6.5711e-02
7.1614e+02,7.9219e-01,6.5277e-02
7.4131e+02,7.9370e-01,6.4847e-02
7.6736e+02,7.9519e-01,6.4421e-02
7.9433e+02,7.9667e-01,6.3999e-02
8.2224e+02,7.9814e-01,6.3582e-02
8.5114e+02,7.9960e-01,6.3167e-02
8.8105e+02,8.0105e-01,6.2757e-02
9.1201e+02,8.0249e-01,6.2351e-02
9.4406e+02,8.0392e-01,6.1948e-02
9.7724e+02,8.0534e-01,6.1549e-02
1.0116e+03,8.0675e-01,6.1154e-02
1.0471e+03,8.0815e-01,6.0763e-02
1.0839e+03,8.0954e-01,6.0376e-02
1.1220e+03,8.1092e-01,5.9992e-02
1.1614e+03,8.1230e-01,5.9612e-02
1.2023e+03,8.1366e-01,5.9235e-02
1.2445e+03,8.1501e-01,5.8862e-02
1.2882e+03,8.1636e-01,5.8493e-02
1.3335e+03,8.1770e-01,5.8127e-02
1.3804e+03,8.1902e-01,5.7765e-02
1.4289e+03,8.2034e-01,5.7406e-02
1.4791e+03,8.2165e-01,5.7051e-02
1.5311e+03,8.2295e-01,5.6699e-02
1.5849e+03,8.2425e-01,5.6350e-02
1.6406e+03,8.2553e-01,5.6005e-02
1.6982e+03,8.2681e-01,5.5663e-02
1.7579e+03,8.2808e-01,5.5325e-02
1.8197e+03,8.2934e-01,5.4990e-02
1.8836e+03,8.3059e-01,5.4658e-02
1.9498e+03,8.3183e-01,5.4329e-02
2.0184e+03,8.3307e-01,5.4003e-02
2.0893e+03,8.3430e-01,5.3681e-02
2.1627e+03,8.3552e-01,5.3361e-02
2.2387e+03,8.3673e-01,5.3045e-02
2.3174e+03,8.3793e-01,5.2732e-02
2.3988e+03,8.3913e-01,5.2421e-02
2.4831e+03,8.4032e-01,5.2114e-02
2.5704e+03,8.4150e-01,5.1809e-02
2.6607e+03,8.4268e-01,5.1508e-02
2.7542e+03,8.4385e-01,5.1209e-02
2.8510e+03,8.4501e-01,5.0913e-02
2.9512e+03,8.4616e-01,5.0620e-02
3.0549e+03,8.4731e-01,5.0329e-02
3.1623e+03,8.4845e-01,5.0041e-02
3.2734e+03,8.4958e-01,4.9756e-02
3.3884e+03,8.5071e-01,4.9474e-02
3.5075e+03,8.5183e-01,4.9194e-02
3.6308e+03,8.5294e-01,4.8916e-02
3.7584e+03,8.5405e-01,4.8641e-02
3.8905e+03,8.5515e-01,4.8369e-02
4.0272e+03,8.5624e-01,4.8099e-02
4.1687e+03,8.5733e-01,4.7831e-02
4.3152e+03,8.5841e-01,4.7566e-02
4.4668e+03,8.5949e-01,4.7303e-02
4.6238e+03,8.6056e-01,4.7042e-02
4.7863e+03,8.6162e-01,4.6783e-02
4.9545e+03,8.6268e-01,4.6527e-02
5.1286e+03,8.6373e-01,4.6273e-02
5.3088e+03,8.6477e-01,4.6021e-02
5.4954e+03,8.6581e-01,4.5771e-02
5.6885e+03,8.6684e-01,4.5523e-02
5.8884e+03,8.6787e-01,4.5277e-02
6.0954e+03,8.6889e-01,4.5033e-02
6.3096e+03,8.6990e-01,4.4790e-02
6.5313e+03,8.7091e-01,4.4550e-02
6.7608e+03,8.7192e-01,4.4312e-02
6.9984e+03,8.7292e-01,4.4075e-02
7.2444e+03,8.7391e-01,4.3841e-02
7.4989e+03,8.7490e-01,4.3608e-02
7.7625e+03,8.7588e-01,4.3376e-02
8.0353e+03,8.7685e-01,4.3147e-02
8.3176e+03,8.7782e-01,4.2919e-02
8.6099e+03,8.7879e-01,4.2692e-02
8.9125e+03,8.7975e-01,4.2467e-02
9.2257e+03,8.8071e-01,4.2244e-02
9.5499e+03,8.8166e-01,4.2022e-02
9.8855e+03,8.8260e-01,4.1802e-02
1.0233e+04,8.8354e-01,4.1583e-02
1.0593e+04,8.8448e-01,4.1366e-02
1.0965e+04,8.8541e-01,4.1149e-02
1.1350e+04,8.8633e-01,4.0935e-02
1.1749e+04,8.8725e-01,4.0721e-02
1.2162e+04,8.8816e-01,4.0509e-02
1.2589e+04,8.8907e-01,4.0298e-02
1.3032e+04,8.8998e-01,4.0088e-02
1.3490e+04,8.9088e-01,3.9879e-02
1.3964e+04,8.9178e-01,3.9672e-02
1.4454e+04,8.9267e-01,3.9465e-02
1.4962e+04,8.9355e-01,3.9260e-02
1.5488e+04,8.9443e-01,3.9056e-02
1.6032e+04,8.9531e-01,3.8852e-02
1.6596e+04,8.9618e-01,3.8650e-02
1.7179e+04,8.9705e-01,3.8449e-02
1.7783e+04,8.9791e-01,3.8248e-02
1.8408e+04,8.9877e-01,3.8049e-02
1.9055e+04,8.9962e-01,3.7850e-02
1.9724e+04,9.0047e-01,3.7652e-02
2.0417e+04,9.0131e-01,3.7456e-02
2.1135e+04,9.0215e-01,3.7259e-02
2.1878e+04,9.0299e-01,3.7064e-02
2.2646e+04,9.0382e-01,3.6869e-02
2.3442e+04,9.0465e-01,3.6676e-02
2.4266e+04,9.0547e-01,3.6482e-02
2.5119e+04,9.0629e-01,3.6290e-02
2.6002e+04,9.0710e-01,3.6098e-02
2.6915e+04,9.0791e-01,3.5907e-02
2.7861e+04,9.0871e-01,3.5716e-02
2.8840e+04,9.0951e-01,3.5526e-02
2.9854e+04,9.1031e-01,3.5337e-02
3.0903e+04,9.1110e-01,3.5148e-02
3.1989e+04,9.1188e-01,3.4960e-02
3.3113e+04,9.1267e-01,3.4772e-02
3.4277e+04,9.1345e-01,3.4584e-02
3.5481e+04,9.1422e-01,3.4397e-02
3.6728e+04,9.1499e-01,3.4211e-02
3.8019e+04,9.1576e-01,3.4025e-02
3.9355e+04,9.1652e-01,3.3839e-02
4.0738e+04,9.1727e-01,3.3654e-02
4.2170e+04,9.1803e-01,3.3469e-02
4.3652e+04,9.1878e-01,3.3285e-02
4.5186e+04,9.1952e-01,3.3101e-02
4.6774e+04,9.2026e-01,3.2917e-02
4.8417e+04,9.2100e-01,3.2734e-02
5.0119e+04,9.2173e-01,3.2551e-02
5.1880e+04,9.2246e-01,3.2368e-02
5.3703e+04,9.2318e-01,3.2185e-02
5.5590e+04,9.2390e-01,3.2003e-02
5.7544e+04,9.2462e-01,3.1821e-02
5.9566e+04,9.2533e-01,3.1639e-02
6.1660e+04,9.2604e-01,3.1458e-02
6.3826e+04,9.2674e-01,3.1277e-02
6.6069e+04,9.2744e-01,3.1096e-02
6.8391e+04,9.2813e-01,3.0915e-02
7.0795e+04,9.2882e-01,3.0734e-02
7.3282e+04,9.2951e-01,3.0554e-02
7.5858e+04,9.3019e-01,3.0373e-02
7.8524e+04,9.3087e-01,3.0193e-02
8.1283e+04,9.3155e-01,3.0013e-02
8.4140e+04,9.3222e-01,2.9834e-02
8.7096e+04,9.3288e-01,2.9654e-02
9.0157e+04,9.3355e-01,2.9475e-02
9.3325e+04,9.3421e-01,2.9295e-02
9.6605e+04,9.3486e-01,2.9116e-02
1.0000e+05,9.3551e-01,2.8937e-02
1.0351e+05,9.3616e-01,2.8758e-02
1.0715e+05,9.3680e-01,2.8580e-02
1.1092e+05,9.3744e-01,2.8401e-02
1.1482e+05,9.3807e-01,2.8222e-02
1.1885e+05,9.3870e-01,2.8044e-02
1.2303e+05,9.3933e-01,2.7866e-02
1.2735e+05,9.3995e-01,2.7688e-02
1.3183e+05,9.4057e-01,2.7510e-02
1.3646e+05,9.4118e-01,2.7332e-02
1.4125e+05,9.4179e-01,2.7154e-02
1.4622e+05,9.4240e-01,2.6976e-02
1.5136e+05,9.4300e-01,2.6799e-02
1.5668e+05,9.4360e-01,2.6621e-02
1.6218e+05,9.4419e-01,2.6444e-02
1.6788e+05,9.4478e-01,2.6267e-02
1.7378e+05,9.4537e-01,2.6090e-02
1.7989e+05,9.4595e-01,2.5913e-02
1.8621e+05,9.4653e-01,2.5736e-02
1.9275e+05,9.4710e-01,2.5559e-02
1.9953e+05,9.4768e-01,2.5383e-02
2.0654e+05,9.4824e-01,2.5206e-02
2.1380e+05,9.4880e-01,2.5030e-02
2.2131e+05,9.4936e-01,2.4854e-02
2.2909e+05,9.4992e-01,2.4678e-02
2.3714e+05,9.5047e-01,2.4502e-02
2.4547e+05,9.5101e-01,2.4327e-02
2.5410e+05,9.5156e-01,2.4151e-02
2.6303e+05,9.5209e-01,2.3976e-02
2.7227e+05,9.5263e-01,2.3801e-02
2.8184e+05,9.5316e-01,2.3626e-02
2.9174e+05,9.5369e-01,2.3451e-02
3.0200e+05,9.5421e-01,2.3276e-02
3.1261e+05,9.5473e-01,2.3102e-02
3.2359e+05,9.5524e-01,2.2928e-02
3.3497e+05,9.5575e-01,2.2754e-02
3.4674e+05,9.5626e-01,2.2580e-02
3.5892e+05,9.5676e-01,2.2407e-02
3.7154e+05,9.5726e-01,2.2233e-02
3.8459e+05,9.5776e-01,2.2061e-02
3.9811e+05,9.5825e-01,2.1888e-02
4.1210e+05,9.5874e-01,2.1715e-02
4.2658e+05,9.5922e-01,2.1543e-02
4.4157e+05,9.5970e-01,2.1371e-02
4.5709e+05,9.6018e-01,2.1200e-02
4.7315e+05,9.6065e-01,2.1028e-02
4.8978e+05,9.6112e-01,2.0857e-02
5.0699e+05,9.6158e-01,2.0687e-02
5.2481e+05,9.6204e-01,2.0516e-02
5.4325e+05,9.6250e-01,2.0346e-02
5.6234e+05,9.6295e-01,2.0177e-02
5.8210e+05,9.6340e-01,2.0007e-02
6.0256e+05,9.6385e-01,1.9838e-02
6.2373e+05,9.6429e-01,1.9670e-02
6.4565e+05,9.6473e-01,1.9502e-02
6.6834e+05,9.6516e-01,1.9334e-02
6.9183e+05,9.6559e-01,1.9166e-02
7.1614e+05,9.6602e-01,1.8999e-02
7.4131e+05,9.6644e-01,1.8833e-02
7.6736e+05,9.6686e-01,1.8667e-02
7.9433e+05,9.6728e-01,1.8501e-02
8.2224e+05,9.6769e-01,1.8336e-02
8.5114e+05,9.6810e-01,1.8171e-02
8.8105e+05,9.6850e-01,1.8007e-02
9.1201e+05,9.6890e-01,1.7843e-02
9.4406e+05,9.6930e-01,1.7680e-02
9.7724e+05,9.6969e-01,1.7517e-02
1.0116e+06,9.7008e-01,1.7355e-02
1.0471e+06,9.7046e-01,1.7193e-02
1.0839e+06,9.7085e-01,1.7032e-02
1.1220e+06,9.7123e-01,1.6872e-02
1.1614e+06,9.7160e-01,1.6712e-02
1.2023e+06,9.7197e-01,1.6552e-02
1.2445e+06,9.7234e-01,1.6393e-02
1.2882e+06,9.7270e-01,1.6235e-02
1.3335e+06,9.7306e-01,1.6077e-02
1.3804e+06,9.7342e-01,1.5920e-02
1.4289e+06,9.7378e-01,1.5764e-02
1.4791e+06,9.7413e-01,1.5608e-02
1.5311e+06,9.7447e-01,1.5453e-02
1.5849e+06,9.7482e-01,1.5298e-02
1.6406e+06,9.7515e-01,1.5145e-02
1.6982e+06,9.7549e-01,1.4991e-02
1.7579e+06,9.7582e-01,1.4839e-02
1.8197e+06,9.7615e-01,1.4687e-02
1.8836e+06,9.7648e-01,1.4536e-02
1.9498e+06,9.7680e-01,1.4386e-02
2.0184e+06,9.7712e-01,1.4236e-02
2.0893e+06,9.7744e-01,1.4087e-02
2.1627e+06,9.7775e-01,1.3939e-02
2.2387e+06,9.7806e-01,1.3791e-02
2.3174e+06,9.7836e-01,1.3645e-02
2.3988e+06,9.7867e-01,1.3499e-02
2.4831e+06,9.7897e-01,1.3353e-02
2.5704e+06,9.7926e-01,1.3209e-02
2.6607e+06,9.7955e-01,1.3065e-02
2.7542e+06,9.7984e-01,1.2922e-02
2.8510e+06,9.8013e-01,1.2780e-02
2.9512e+06,9.8041e-01,1.2639e-02
3.0549e+06,9.8069e-01,1.2499e-02
3.1623e+06,9.8097e-01,1.2359e-02
3.2734e+06,9.8124e-01,1.2220e-02
3.3884e+06,9.8152e-01,1.2082e-02
3.5075e+06,9.8178e-01,1.1945e-02
3.6308e+06,9.8205e-01,1.1809e-02
3.7584e+06,9.8231e-01,1.1674e-02
3.8905e+06,9.8257e-01,1.1539e-02
4.0272e+06,9.8282e-01,1.1405e-02
4.1687e+06,9.8308e-01,1.1273e-02
4.3152e+06,9.8332e-01,1.1141e-02
4.4668e+06,9.8357e-01,1.1010e-02
4.6238e+06,9.8381e-01,1.0880e-02
4.7863e+06,9.8406e-01,1.0750e-02
4.9545e+06,9.8429e-01,1.0622e-02
5.1286e+06,9.8453e-01,1.0495e-02
5.3088e+06,9.8476e-01,1.0368e-02
5.4954e+06,9.8499e-01,1.0242e-02
5.6885e+06,9.8522e-01,1.0118e-02
5.8884e+06,9.8544e-01,9.9938e-03
6.0954e+06,9.8566e-01,9.8709e-03
6.3096e+06,9.8588e-01,9.7490e-03
6.5313e+06,9.8609e-01,9.6279e-03
6.7608e+06,9.8631e-01,9.5078e-03
6.9984e+06,9.8652e-01,9.3887e-03
7.2444e+06,9.8672e-01,9.2705e-03
7.4989e+06,9.8693e-01,9.1532e-03
7.7625e+06,9.8713e-01,9.0369e-03
8.0353e+06,9.8733e-01,8.9215e-03
8.3176e+06,9.8753e-01,8.8070e-03
8.6099e+06,9.8772e-01,8.6936e-03
8.9125e+06,9.8791e-01,8.5810e-03
9.2257e+06,9.8810e-01,8.4695e-03
9.5499e+06,9.8829e-01,8.3588e-03
9.8855e+06,9.8848e-01,8.2492e-03
1.0233e+07,9.8866e-01,8.1404e-03
1.0593e+07,9.8884e-01,8.0327e-03
1.0965e+07,9.8901e-01,7.9259e-03
1.1350e+07,9.8919e-01,7.8201e-03
1.1749e+07,9.8936e-01,7.7152e-03
1.2162e+07,9.8953e-01,7.6113e-03
1.2589e+07,9.8970e-01,7.5083e-03
1.3032e+07,9.8986e-01,7.4063e-03
1.3490e+07,9.9003e-01,7.3053e-03
1.3964e+07,9.9019e-01,7.2052e-03
1.4454e+07,9.9035e-01,7.1061e-03
1.4962e+07,9.9050e-01,7.0079e-03
1.5488e+07,9.9066e-01,6.9107e-03
1.6032e+07,9.9081e-01,6.8144e-03
1.6596e+07,9.9096e-01,6.7191e-03
1.7179e+07,9.9111e-01,6.6247e-03
1.7783e+07,9.9125e-01,6.5313e-03
1.8408e+07,9.9140e-01,6.4389e-03
1.9055e+07,9.9154e-01,6.3474e-03
1.9724e+07,9.9168e-01,6.2568e-03
2.0417e+07,9.9182e-01,6.1671e-03
2.1135e+07,9.9195e-01,6.0785e-03
2.1878e+07,9.9209e-01,5.9907e-03
2.2646e+07,9.9222e-01,5.9039e-03
2.3442e+07,9.9235e-01,5.8180e-03
2.4266e+07,9.9248e-01,5.7330e-03
2.5119e+07,9.9260e-01,5.6490e-03
2.6002e+07,9.9273e-01,5.5658e-03
2.6915e+07,9.9285e-01,5.4836e-03
2.7861e+07,9.9297e-01,5.4023e-03
2.8840e+07,9.9309e-01,5.3219e-03
2.9854e+07,9.9321e-01,5.2425e-03
3.0903e+07,9.9332e-01,5.1639e-03
3.1989e+07,9.9343e-01,5.0862e-03
3.3113e+07,9.9355e-01,5.0094e-03
3.4277e+07,9.9366e-01,4.9335e-03
3.5481e+07,9.9377e-01,4.8585e-03
3.6728e+07,9.9387e-01,4.7844e-03
3.8019e+07,9.9398e-01,4.7112e-03
3.9355e+07,9.9408e-01,4.6388e-03
4.0738e+07,9.9418e-01,4.5673e-03
4.2170e+07,9.9428e-01,4.4966e-03
4.3652e+07,9.9438e-01,4.4268e-03
4.5186e+07,9.9448e-01,4.3579e-03
4.6774e+07,9.9457e-01,4.2898e-03
4.8417e+07,9.9467e-01,4.2226e-03
5.0119e+07,9.9476e-01,4.1562e-03
5.1880e+07,9.9485e-01,4.0906e-03
5.3703e+07,9.9494e-01,4.0258e-03
5.5590e+07,9.9503e-01,3.9619e-03
5.7544e+07,9.9512e-01,3.8988e-03
5.9566e+07,9.9520e-01,3.8365e-03
6.1660e+07,9.9529e-01,3.7750e-03
6.3826e+07,9.9537e-01,3.7143e-03
6.6069e+07,9.9545e-01,3.6544e-03
6.8391e+07,9.9553e-01,3.5953e-03
7.0795e+07,9.9561e-01,3.5369e-03
7.3282e+07,9.9569e-01,3.4794e-03
7.5858e+07,9.9576e-01,3.4226e-03
7.8524e+07,9.9584e-01,3.3665e-03
8.1283e+07,9.9591e-01,3.3112e-03
8.4140e+07,9.9599e-01,3.2567e-03
8.7096e+07,9.9606e-01,3.2029e-03
9.0157e+07,9.9613e-01,3.1499e-03
9.3325e+07,9.9620e-01,3.0976e-03
9.6605e+07,9.9626e-01,3.0460e-03
1.0000e+08,9.9633e-01,2.9951e-03
1.0351e+08,9.9640e-01,2.9450e-03
1.0715e+08,9.9646e-01,2.8955e-03
1.1092e+08,9.9652e-01,2.8468e-03
1.1482e+08,9.9659e-01,2.7987e-03
1.1885e+08,9.9665e-01,2.7513e-03
1.2303e+08,9.9671e-01,2.7047e-03
1.2735e+08,9.9677e-01,2.6586e-03
1.3183e+08,9.9683e-01,2.6133e-03
1.3646e+08,9.9688e-01,2.5686e-03
1.4125e+08,9.9694e-01,2.5246e-03
1.4622e+08,9.9699e-01,2.4812e-03
1.5136e+08,9.9705e-01,2.4385e-03
1.5668e+08,9.9710e-01,2.3964e-03
1.6218e+08,9.9715e-01,2.3549e-03
1.6788e+08,9.9721e-01,2.3140e-03
1.7378e+08,9.9726e-01,2.2738e-03
1.7989e+08,9.9731e-01,2.2342e-03
1.8621e+08,9.9735e-01,2.1951e-03
1.9275e+08,9.9740e-01,2.1567e-03
1.9953e+08,9.9745e-01,2.1189e-03
2.0654e+08,9.9750e-01,2.0816e-03
2.1380e+08,9.9754e-01,2.0449e-03
2.2131e+08,9.9759e-01,2.0088e-03
2.2909e+08,9.9763e-01,1.9732e-03
2.3714e+08,9.9767e-01,1.9383e-03
2.4547e+08,9.9772e-01,1.9038e-03
2.5410e+08,9.9776e-01,1.8699e-03
2.6303e+08,9.9780e-01,1.8365e-03
2.7227e+08,9.9784e-01,1.8037e-03
2.8184e+08,9.9788e-01,1.7714e-03
2.9174e+08,9.9792e-01,1.7396e-03
3.0200e+08,9.9795e-01,1.7083e-03
3.1261e+08,9.9799e-01,1.6776e-03
3.2359e+08,9.9803e-01,1.6473e-03
3.3497e+08,9.9806e-01,1.6175e-03
3.4674e+08,9.9810e-01,1.5882e-03
3.5892e+08,9.9813e-01,1.5594e-03
3.7154e+08,9.9817e-01,1.5311e-03
3.8459e+08,9.9820e-01,1.5032e-03
3.9811e+08,9.9824e-01,1.4758e-03
4.1210e+08,9.9827e-01,1.4488e-03
4.2658e+08,9.9830e-01,1.4223e-03
4.4157e+08,9.9833e-01,1.3963e-03
4.5709e+08,9.9836e-01,1.3707e-03
4.7315e+08,9.9839e-01,1.3455e-03
4.8978e+08,9.9842e-01,1.3207e-03
5.0699e+08,9.9845e-01,1.2964e-03
5.2481e+08,9.9848e-01,1.2725e-03
5.4325e+08,9.9850e-01,1.2490e-03
5.6234e+08,9.9853e-01,1.2259e-03
5.8210e+08,9.9856e-01,1.2032e-03
6.0256e+08,9.9859e-01,1.1808e-03
6.2373e+08,9.9861e-01,1.1589e-03
6.4565e+08,9.9864e-01,1.1374e-03
6.6834e+08,9.9866e-01,1.1162e-03
6.9183e+08,9.9869e-01,1.0954e-03
7.1614e+08,9.9871e-01,1.0749e-03
7.4131e+08,9.9873e-01,1.0549e-03
7.6736e+08,9.9876e-01,1.0351e-03
7.9433e+08,9.9878e-01,1.0158e-03
8.2224e+08,9.9880e-01,9.9673e-04
8.5114e+08,9.9882e-01,9.7804e-04
8.8105e+08,9.9884e-01,9.5969e-04
9.1201e+08,9.9886e-01,9.4166e-04
9.4406e+08,9.9889e-01,9.2395e-04
9.7724e+08,9.9891e-01,9.0657e-04
1.0116e+09,9.9892e-01,8.8949e-04
1.0471e+09,9.9894e-01,8.7273e-04
1.0839e+09,9.9896e-01,8.5627e-04
1.1220e+09,9.9898e-01,8.4011e-04
1.1614e+09,9.9900e-01,8.2425e-04
1.2023e+09,9.9902e-01,8.0867e-04
1.2445e+09,9.9904e-01,7.9338e-04
1.2882e+09,9.9905e-01,7.7838e-04
1.3335e+09,9.9907e-01,7.6364e-04
1.3804e+09,9.9909e-01,7.4918e-04
1.4289e+09,9.9910e-01,7.3499e-04
1.4791e+09,9.9912e-01,7.2106e-04
1.5311e+09,9.9914e-01,7.0739e-04
1.5849e+09,9.9915e-01,6.9398e-04
1.6406e+09,9.9917e-01,6.8081e-04
1.6982e+09,9.9918e-01,6.6789e-04
1.7579e+09,9.9920e-01,6.5522e-04
1.8197e+09,9.9921e-01,6.4278e-04
1.8836e+09,9.9922e-01,6.3058e-04
1.9498e+09,9.9924e-01,6.1860e-04
2.0184e+09,9.9925e-01,6.0686e-04
2.0893e+09,9.9926e-01,5.9533e-04
2.1627e+09,9.9928e-01,5.8402e-04
2.2387e+09,9.9929e-01,5.7293e-04
2.3174e+09,9.9930e-01,5.6205e-04
2.3988e+09,9.9931e-01,5.5138e-04
2.4831e+09,9.9933e-01,5.4091e-04
2.5704e+09,9.9934e-01,5.3065e-04
2.6607e+09,9.9935e-01,5.2058e-04
2.7542e+09,9.9936e-01,5.1070e-04
2.8510e+09,9.9937e-01,5.0101e-04
2.9512e+09,9.9938e-01,4.9151e-04
3.0549e+09,9.9939e-01,4.8219e-04
3.1623e+09,9.9940e-01,4.7306e-04
3.2734e+09,9.9941e-01,4.6409e-04
3.3884e+09,9.9942e-01,4.5531e-04
3.5075e+09,9.9943e-01,4.4669e-04
3.6308e+09,9.9944e-01,4.3824e-04
3.7584e+09,9.9945e-01,4.2996e-04
3.8905e+09,9.9946e-01,4.2184e-04
4.0272e+09,9.9947e-01,4.1387e-04
4.1687e+09,9.9948e-01,4.0606e-04
4.3152e+09,9.9949e-01,3.9841e-04
4.4668e+09,9.9950e-01,3.9090e-04
4.6238e+09,9.9951e-01,3.8354e-04
4.7863e+09,9.9952e-01,3.7633e-04
4.9545e+09,9.9952e-01,3.6926e-04
5.1286e+09,9.9953e-01,3.6232e-04
5.3088e+09,9.9954e-01,3.5552e-04
5.4954e+09,9.9955e-01,3.4886e-04
5.6885e+09,9.9956e-01,3.4233e-04
5.8884e+09,9.9956e-01,3.3593e-04
6.0954e+09,9.9957e-01,3.2965e-04
6.3096e+09,9.9958e-01,3.2350e-04
6.5313e+09,9.9958e-01,3.1746e-04
6.7608e+09,9.9959e-01,3.1155e-04
6.9984e+09,9.9960e-01,3.0576e-04
7.2444e+09,9.9960e-01,3.0008e-04
7.4989e+09,9.9961e-01,2.9451e-04
7.7625e+09,9.9962e-01,2.8905e-04
8.0353e+09,9.9962e-01,2.8370e-04
8.3176e+09,9.9963e-01,2.7846e-04
8.6099e+09,9.9964e-01,2.7332e-04
8.9125e+09,9.9964e-01,2.6828e-04
9.2257e+09,9.9965e-01,2.6334e-04
9.5499e+09,9.9965e-01,2.5851e-04
9.8855e+09,9.9966e-01,2.5376e-04
1.0233e+10,9.9966e-01,2.4911e-04
1.0593e+10,9.9967e-01,2.4456e-04
1.0965e+10,9.9968e-01,2.4009e-04
1.1350e+10,9.9968e-01,2.3571e-04
1.1749e+10,9.9969e-01,2.3142e-04
1.2162e+10,9.9969e-01,2.2722e-04
1.2589e+10,9.9970e-01,2.2310e-04
1.3032e+10,9.9970e-01,2.1906e-04
1.3490e+10,9.9971e-01,2.1510e-04
1.3964e+10,9.9971e-01,2.1122e-04
1.4454e+10,9.9972e-01,2.0741e-04
1.4962e+10,9.9972e-01,2.0369e-04
1.5488e+10,9.9972e-01,2.0003e-04
1.6032e+10,9.9973e-01,1.9645e-04
1.6596e+10,9.9973e-01,1.9294e-04
1.7179e+10,9.9974e-01,1.8950e-04
1.7783e+10,9.9974e-01,1.8612e-04
1.8408e+10,9.9975e-01,1.8282e-04
1.9055e+10,9.9975e-01,1.7957e-04
1.9724e+10,9.9975e-01,1.7640e-04
2.0417e+10,9.9976e-01,1.7328e-04
2.1135e+10,9.9976e-01,1.7023e-04
2.1878e+10,9.9976e-01,1.6724e-04
2.2646e+10,9.9977e-01,1.6430e-04
2.3442e+10,9.9977e-01,1.6143e-04
2.4266e+10,9.9978e-01,1.5861e-04
2.5119e+10,9.9978e-01,1.5584e-04
2.6002e+10,9.9978e-01,1.5313e-04
2.6915e+10,9.9979e-01,1.5047e-04
2.7861e+10,9.9979e-01,1.4787e-04
2.8840e+10,9.9979e-01,1.4532e-04
2.9854e+10,9.9979e-01,1.4281e-04
3.0903e+10,9.9980e-01,1.4036e-04
3.1989e+10,9.9980e-01,1.3795e-04
3.3113e+10,9.9980e-01,1.3559e-04
3.4277e+10,9.9981e-01,1.3327e-04
3.5481e+10,9.9981e-01,1.3100e-04
3.6728e+10,9.9981e-01,1.2878e-04
3.8019e+10,9.9982e-01,1.2659e-04
3.9355e+10,9.9982e-01,1.2445e-04
4.0738e+10,9.9982e-01,1.2235e-04
4.2170e+10,9.9982e-01,1.2029e-04
4.3652e+10,9.9983e-01,1.1827e-04
4.5186e+10,9.9983e-01,1.1629e-04
4.6774e+10,9.9983e-01,1.1435e-04
4.8417e+10,9.9983e-01,1.1244e-04
5.0119e+10,9.9984e-01,1.1057e-04
5.1880e+10,9.9984e-01,1.0874e-04
5.3703e+10,9.9984e-01,1.0694e-04
5.5590e+10,9.9984e-01,1.0518e-04
5.7544e+10,9.9985e-01,1.0345e-04
5.9566e+10,9.9985e-01,1.0175e-04
6.1660e+10,9.9985e-01,1.0008e-04
6.3826e+10,9.9985e-01,9.8445e-05
6.6069e+10,9.9985e-01,9.6841e-05
6.8391e+10,9.9986e-01,9.5267e-05
7.0795e+10,9.9986e-01,9.3722e-05
7.3282e+10,9.9986e-01,9.2206e-05
7.5858e+10,9.9986e-01,9.0718e-05
7.8524e+10,9.9986e-01,8.9258e-05
8.1283e+10,9.9987e-01,8.7825e-05
8.4140e+10,9.9987e-01,8.6418e-05
8.7096e+10,9.9987e-01,8.5038e-05
9.0157e+10,9.9987e-01,8.3683e-05
9.3325e+10,9.9987e-01,8.2352e-05
9.6605e+10,9.9988e-01,8.1047e-05
1.0000e+11,9.9988e-01,7.9765e-05
